1
15
55
370
564
659
702
704
737
866
899
918
1227
1243
1297
1347
1373
1383
1458
1589
1647
1743
2072
2489
2518
2880
2884
2892
2897
2972
2985
3353
3558
3620
3644
3788
3886
3933
3954
4017
4060
4117
4385
4398
4427
4588
4603
4791
4928
4977
5036
5098
5172
5194
5331
5429
5608
5662
5783
5875
6002
6073
6212
6251
6557
6677
6734
7002
7113
7139
7241
7337
7339
7369
7562
8005
8118
8158
8166
8259
8297
8369
8529
8688
8690
8698
8739
8956
9121
9208
9306
9328
9386
9544
9569
9710
9816
10108
10134
10167
10193
10247
10520
10567
10597
10652
10682
10698
10849
10924
11056
11184
11199
11232
11252
11269
11488
11502
11542
11864
11986
12017
12070
12112
12147
12251
12284
12468
12590
12598
12685
12774
12834
12841
12929
12959
13288
13351
13367
13495
13565
13566
13852
13871
13880
13899
13928
14032
14062
14231
14294
14369
14506
14802
14844
14952
14993
15040
15126
15293
15450
15472
15750
16174
16227
16237
16287
16420
16421
16426
16673
16760
17001
17007
17061
17191
17247
17297
17333
17391
17400
17591
17611
17696
17811
17819
18123
18189
18199
18499
18521
18582
18585
18745
19262
19655
19766
19823
19892
20049
20152
20239
20275
20485
20598
20620
20799
20850
20938
21050
21058
21425
21766
21909
22111
22145
22187
22257
22412
22448
22468
22527
22618
22627
22735
22895
22934
23120
23192
23324
23471
23512
23689
23780
24221
24279
24504
24517
24556
25138
25434
25686
25690
26109
26204
26359
26375
26502
26558
26666
26721
26815
26893
26996
27098
27173
27196
27203
27271
27301
27341
27434
27506
27534
27729
27926
28231
28238
28399
28530
28791
28816
28880
28968
28973
29302
29329
29332
29414
29712
29715
29870
30390
30425
30450
30764
30876
30878
31235
31276
31330
31428
31562
31570
31698
31709
31883
31887
31931
32026
32062
32098
32171
32192
32342
32475
32648
32757
32926
33006
33099
33137
33165
33180
33262
33435
33462
33702
34113
34242
34249
34263
34277
34284
34360
34400
34437
34575
34747
34781
34910
34918
34999
35227
35253
35361
35400
35654
35747
35758
35776
35777
35840
35844
35927
35984
36069
36125
36265
36430
36549
36550
36592
36594
36618
36667
36705
36755
36865
36992
37045
37133
37344
37687
37748
37901
38071
38177
38298
38376
38500
38525
38593
38626
38753
38837
39012
39290
39445
39511
39547
39557
39723
39802
39811
39931
39983
40180
40332
40549
40557
40573
40586
40743
40818
41200
41385
41542
41548
41557
41578
41814
41873
42213
42254
42269
42396
42400
42431
42852
42900
42967
42970
43188
43443
43488
43531
43576
43731
43776
43886
43916
43967
44048
44155
44181
44391
44696
44753
44771
44824
44890
45279
45318
45589
45616
45635
45713
45866
46194
46346
46356
46480
46582
46660
46733
46736
46894
47007
47043
47175
47231
47363
47446
47581
47734
48053
48057
48138
48147
48160
48173
48178
48228
48248
48383
48610
48765
48971
48975
48976
49152
49166
49244
49718
49974
49985
50008
50066
50070
50076
50284
50378
50387
50457
50621
50671
50793
50898
50994
51099
51163
51374
51536
51609
51700
51740
51881
52008
52025
52094
52120
52163
52215
52347
52867
52883
52953
52968
53312
53318
53363
53371
53485
53889
54097
54172
54343
54359
54508
54962
55059
55138
55287
55488
55599
55638
55645
55828
55942
55993
56089
56196
56219
56249
56360
56369
56393
56528
56569
56570
56782
56857
57256
57421
57483
57528
57578
57642
57682
57789
57873
57999
58062
58141
58363
58442
58529
58791
58797
58908
58924
58952
59319
59374
59462
59464
59473
59474
59598
59687
59838
59931
59958
60148
60287
60370
60390
60575
60668
60939
61005
61060
61396
61438
61487
61587
61672
61949
62015
62047
62114
62256
62370
62563
62577
62806
62832
62918
63029
63030
63032
63098
63209
63661
63705
63936
63983
64134
64182
64212
64259
64470
64620
64624
64833
64838
64953
64966
65040
65155
65223
65326
65636
65679
65686
65699
66088
66108
66202
66333
66375
66420
66507
66725
66782
66944
66990
67013
67219
67339
67659
67668
67669
67710
67830
67930
68105
68174
68217
68421
68491
68514
69076
69100
69234
69451
69464
69588
69604
69816
69836
69984
70175
70451
70477
70483
71068
71239
71283
71617
71765
71976
72018
72028
72200
72333
72467
72629
72873
72897
73083
73121
73149
73210
73230
73242
73253
73338
73388
73435
73444
73592
73644
73803
73998
74111
74140
74148
74213
74326
74357
74530
74535
74636
74739
74763
74865
75062
75075
75273
75387
75456
75460
75556
75729
75990
76395
76399
76552
76651
76658
76733
76843
76993
77196
77372
77557
77669
78074
78203
78384
78514
78669
78700
78732
78786
78843
78978
79158
79232
79250
79282
79455
79456
79485
79504
79619
79744
79884
80165
80237
80569
80611
80660
80781
81051
81113
81186
81220
81254
81268
81351
81377
81431
81498
81502
81556
81578
81661
81699
81716
81725
81752
81764
81808
81833
81938
81940
82064
82080
82253
82308
82740
82881
83105
83133
83140
83172
83209
83272
83325
83501
83562
83590
83834
83869
83938
84079
84145
84190
84268
84293
84690
84699
84949
85065
85066
85109
85252
85279
85306
85383
85509
85554
85557
85659
85691
85848
85922
85954
86338
86597
86683
86871
86911
87016
87247
87334
87337
87384
87517
87616
87657
87744
87793
87852
87904
87949
88009
88061
88062
88292
88436
88438
88509
88516
88773
88830
89087
89185
89254
89451
89566
89662
89736
89740
89751
89928
90029
90051
90677
90740
90895
90935
91122
91235
91652
91776
91847
91995
92104
92297
92417
92551
92737
92825
92923
92958
93274
93388
93463
93601
93711
93868
93904
93992
94309
94510
94780
94860
94888
95028
95300
95327
95343
95407
95563
95593
95601
95671
95694
95731
95933
95975
96002
96004
96052
96107
96296
96505
96509
96532
96548
96600
96604
96617
96657
96714
96723
96930
96931
97135
97175
97250
97308
97413
97504
97550
97719
98017
98069
98154
98312
98317
98327
98358
98438
98483
98490
98626
98693
98718
98862
98893
98913
99122
99181
99182
99279
99350
99424
99712
99900
99911
99993
