23
26
30
34
54
87
110
118
124
125
126
128
129
134
143
152
154
164
186
188
191
194
197
203
205
217
229
230
233
243
267
271
273
292
297
303
306
319
320
322
326
336
339
341
349
354
355
358
360
371
386
394
409
415
421
423
428
432
450
451
463
464
472
486
487
493
496
511
514
522
529
543
548
553
563
567
576
583
591
594
602
612
616
620
630
638
645
648
649
655
660
663
676
691
706
732
738
764
765
773
774
789
798
810
821
822
823
828
840
842
854
858
861
865
869
871
872
873
878
879
881
885
893
894
895
901
905
909
919
921
926
932
934
935
949
953
957
958
960
965
968
972
978
984
1002
1016
1018
1026
1032
1040
1042
1045
1050
1052
1070
1075
1077
1081
1085
1089
1096
1100
1102
1105
1118
1136
1143
1149
1152
1184
1193
1210
1211
1214
1222
1225
1229
1251
1252
1256
1264
1293
1301
1303
1313
1314
1341
1343
1350
1360
1375
1379
1384
1389
1394
1397
1398
1399
1402
1405
1413
1423
1434
1439
1442
1447
1463
1467
1487
1491
1494
1505
1506
1507
1516
1517
1519
1520
1530
1534
1542
1559
1561
1568
1589
1593
1596
1599
1604
1607
1610
1619
1629
1632
1650
1651
1654
1661
1672
1701
1714
1716
1724
1728
1734
1735
1739
1744
1749
1752
1754
1758
1765
1779
1784
1799
1812
1813
1815
1817
1832
1838
1840
1841
1857
1869
1870
1874
1902
1912
1915
1916
1917
1949
1950
1951
1960
1963
1964
1978
1984
1993
2012
2017
2018
2025
2031
2035
2040
2044
2052
2053
2061
2062
2063
2070
2079
2092
2093
2095
2096
2099
2100
2105
2111
2113
2114
2131
2140
2145
2146
2149
2154
2156
2159
2165
2174
2175
2195
2204
2218
2220
2221
2224
2233
2248
2260
2269
2287
2294
2295
2302
2307
2312
2318
2320
2326
2327
2331
2335
2338
2341
2344
2348
2351
2356
2357
2371
2372
2376
2381
2392
2396
2402
2403
2409
2416
2427
2433
2472
2473
2479
2487
2490
2496
2505
2518
2530
2531
2532
2545
2550
2556
2563
2564
2568
2570
2576
2581
2585
2591
2592
2596
2612
2614
2619
2620
2637
2642
2648
2655
2665
2674
2677
2684
2697
2702
2703
2710
2712
2732
2735
2737
2740
2741
2750
2761
2764
2769
2775
2778
2820
2827
2828
2840
2850
2862
2886
2896
2908
2912
2915
2926
2942
2943
2945
2951
2953
2954
2957
2961
2963
2985
2987
2994
2996
3002
3004
3008
3018
3024
3029
3030
3042
3057
3064
3076
3077
3079
3087
3090
3096
3103
3109
3124
3133
3136
3157
3180
3203
3210
3218
3221
3226
3234
3235
3239
3245
3254
3262
3266
3277
3283
3292
3294
3302
3310
3319
3329
3345
3346
3347
3351
3352
3356
3361
3371
3372
3375
3376
3389
3450
3451
3454
3461
3472
3475
3492
3495
3500
3504
3512
3513
3519
3530
3532
3534
3541
3548
3551
3561
3569
3592
3605
3613
3625
3639
3649
3652
3662
3670
3676
3679
3682
3684
3685
3688
3701
3712
3713
3716
3730
3740
3750
3751
3753
3759
3760
3774
3779
3780
3785
3786
3791
3794
3796
3800
3802
3810
3815
3823
3836
3846
3857
3865
3871
3881
3885
3888
3896
3899
3902
3909
3915
3919
3922
3924
3927
3932
3948
3960
3965
3966
3971
3983
3985
3990
3995
3999
4003
4007
4014
4022
4027
4029
4031
4032
4044
4048
4062
4064
4067
4070
4071
4072
4082
4086
4087
4090
4095
4098
4107
4108
4109
4116
4118
4131
4153
4158
4182
4190
4194
4196
4199
4207
4216
4218
4237
4242
4259
4261
4267
4273
4290
4293
4315
4318
4331
4332
4335
4336
4358
4361
4371
4372
4376
4383
4398
4404
4423
4426
4438
4442
4447
4449
4450
4467
4495
4503
4513
4514
4515
4519
4520
4525
4529
4530
4532
4534
4544
4558
4559
4572
4586
4598
4599
4600
4609
4614
4644
4669
4675
4684
4699
4705
4712
4717
4723
4727
4729
4731
4740
4742
4743
4745
4751
4761
4771
4783
4786
4795
4800
4807
4827
4828
4831
4833
4852
4853
4855
4864
4880
4908
4910
4914
4929
4942
4947
4953
4956
4958
4966
4976
4986
4987
4988
4989
4991
4992
5004
5009
5034
5036
5047
5053
5055
5057
5058
5059
5064
5069
5082
5085
5104
5108
5110
5113
5123
5132
5142
5153
5164
5165
5166
5175
5176
5182
5184
5186
5190
5194
5203
5211
5212
5215
5216
5223
5227
5228
5229
5233
5244
5250
5257
5258
5273
5277
5281
5296
5305
5309
5317
5320
5328
5330
5339
5341
5345
5353
5360
5368
5374
5375
5384
5386
5387
5399
5402
5409
5415
5416
5441
5445
5446
5454
5458
5463
5465
5467
5492
5512
5514
5527
5536
5539
5540
5544
5546
5549
5554
5563
5564
5572
5573
5575
5586
5588
5614
5617
5618
5637
5645
5648
5651
5662
5663
5668
5671
5680
5688
5692
5696
5697
5700
5704
5713
5735
5741
5745
5747
5750
5765
5785
5786
5800
5803
5805
5812
5813
5817
5820
5822
5825
5830
5838
5852
5853
5854
5861
5889
5902
5909
5923
5938
5942
5965
5974
5975
5978
5985
5986
5989
5996
6007
6008
6011
6017
6018
6021
6028
6036
6044
6055
6056
6057
6058
6064
6068
6077
6084
6095
6097
6098
6105
6108
6109
6114
6125
6128
6131
6134
6141
6143
6155
6163
6166
6175
6176
6180
6190
6197
6202
6214
6218
6229
6236
6244
6257
6263
6267
6294
6295
6298
6306
6313
6316
6319
6325
6343
6347
6349
6354
6367
6368
6370
6379
6380
6384
6390
6392
6396
6397
6401
6402
6405
6410
6417
6420
6428
6434
6441
6456
6465
6467
6472
6473
6483
6486
6492
6500
6501
6508
6515
6516
6537
6540
6552
6568
6583
6585
6601
6606
6621
6644
6645
6666
6672
6677
6679
6683
6704
6724
6729
6737
6739
6743
6750
6754
6762
6765
6771
6772
6795
6813
6817
6828
6831
6835
6843
6859
6870
6873
6877
6883
6886
6903
6909
6917
6919
6924
6930
6936
6940
6948
6949
6950
6961
6962
6967
6968
6971
6973
6978
6987
6991
6992
7005
7009
7010
7017
7018
7029
7044
7050
7052
7057
7059
7060
7063
7075
7077
7089
7102
7115
7117
7122
7126
7133
7137
7138
7141
7168
7177
7179
7180
7184
7195
7202
7209
7214
7223
7227
7230
7240
7249
7276
7279
7288
7297
7312
7319
7324
7337
7351
7355
7361
7366
7368
7375
7376
7380
7387
7392
7393
7399
7402
7404
7417
7418
7423
7430
7433
7435
7440
7441
7449
7453
7459
7464
7465
7469
7472
7475
7492
7493
7495
7500
7507
7511
7513
7515
7518
7535
7549
7555
7570
7576
7590
7607
7625
7630
7663
7668
7675
7679
7685
7689
7701
7721
7739
7740
7744
7754
7768
7773
7778
7781
7785
7798
7801
7815
7828
7831
7834
7836
7848
7854
7865
7885
7889
7892
7905
7910
7919
7932
7936
7944
7957
7958
7965
7972
7980
7998
7999
8001
8003
8011
8022
8024
8043
8044
8045
8046
8068
8075
8104
8107
8110
8129
8132
8141
8156
8157
8158
8162
8163
8167
8169
8181
8190
8192
8203
8207
8213
8215
8226
8227
8229
8249
8261
8267
8276
8278
8281
8283
8296
8302
8305
8313
8314
8331
8336
8349
8353
8358
8376
8378
8380
8383
8385
8386
8406
8408
8410
8411
8414
8417
8421
8425
8436
8446
8448
8450
8454
8457
8461
8465
8469
8471
8474
8487
8490
8491
8502
8511
8513
8521
8530
8532
8533
8561
8564
8565
8576
8578
8579
8581
8590
8597
8604
8623
8627
8630
8632
8641
8652
8662
8679
8692
8695
8704
8707
8718
8721
8733
8747
8753
8755
8762
8765
8774
8778
8779
8780
8785
8790
8791
8794
8816
8830
8843
8852
8856
8866
8874
8876
8892
8899
8902
8907
8912
8915
8918
8920
8926
8930
8937
8939
8943
8946
8952
8954
8957
8960
8963
8970
8976
8979
8988
9010
9024
9038
9044
9045
9057
9062
9071
9076
9080
9082
9083
9089
9090
9099
9115
9135
9147
9154
9159
9164
9178
9182
9191
9201
9206
9209
9219
9221
9225
9234
9235
9241
9244
9248
9249
9260
9261
9266
9272
9273
9276
9278
9337
9342
9344
9345
9350
9356
9361
9363
9364
9365
9372
9379
9381
9383
9386
9387
9388
9398
9399
9418
9426
9432
9433
9435
9436
9442
9448
9451
9452
9458
9470
9473
9474
9475
9485
9487
9491
9492
9507
9523
9526
9538
9576
9600
9607
9611
9615
9627
9643
9644
9646
9677
9680
9685
9700
9702
9705
9714
9731
9758
9768
9771
9781
9789
9795
9799
9811
9822
9829
9835
9842
9851
9853
9858
9868
9873
9880
9883
9886
9888
9892
9897
9900
9908
9917
9919
9925
9933
9954
9985
10004
10014
10035
10041
10043
10047
10052
10056
10071
10078
10083
10085
10088
10089
10097
10105
10116
10129
10133
10149
10150
10154
10159
10162
10166
10178
10190
10213
10217
10234
10244
10254
10261
10280
10302
10303
10308
10325
10326
10327
10332
10335
10337
10339
10367
10368
10369
10374
10377
10381
10387
10391
10398
10401
10403
10404
10408
10412
10417
10420
10428
10437
10445
10458
10467
10468
10469
10480
10482
10484
10485
10487
10495
10498
10528
10533
10534
10540
10542
10560
10561
10565
10572
10579
10585
10592
10594
10598
10606
10608
10619
10624
10628
10634
10643
10650
10660
10664
10673
10674
10681
10682
10683
10708
10709
10710
10711
10723
10731
10733
10738
10743
10757
10767
10773
10776
10781
10783
10788
10798
10801
10803
10804
10808
10818
10819
10823
10827
10840
10843
10845
10847
10850
10853
10855
10859
10862
10876
10887
10888
10904
10911
10915
10917
10923
10927
10930
10937
10938
10953
10959
10967
10970
10986
10990
10993
10999
11009
11010
11012
11018
11025
11026
11033
11038
11041
11044
11045
11051
11056
11058
11060
11062
11063
11066
11079
11082
11102
11105
11108
11114
11116
11120
11147
11153
11156
11165
11168
11172
11179
11193
11201
11203
11209
11217
11224
11235
11243
11246
11247
11248
11249
11255
11258
11271
11276
11277
11284
11288
11298
11300
11316
11324
11328
11336
11337
11345
11347
11352
11354
11355
11375
11376
11386
11391
11393
11395
11400
11405
11408
11414
11423
11434
11459
11460
11465
11474
11484
11491
11504
11508
11509
11510
11515
11523
11530
11533
11536
11537
11541
11546
11552
11554
11579
11580
11586
11600
11625
11630
11636
11641
11642
11655
11668
11678
11680
11684
11694
11722
11726
11728
11733
11743
11744
11751
11753
11759
11775
11784
11788
11799
11806
11813
11814
11827
11848
11849
11850
11854
11866
11870
11878
11903
11918
11927
11932
11933
11935
11941
11944
11954
11957
11973
11974
11983
11986
12000
12002
12013
12019
12021
12023
12046
12063
12078
12080
12084
12089
12090
12096
12103
12105
12106
12116
12121
12122
12138
12153
12157
12158
12171
12214
12227
12229
12248
12250
12254
12256
12261
12276
12278
12300
12301
12307
12316
12317
12319
12320
12325
12330
12332
12338
12339
12348
12351
12365
12371
12383
12395
12400
12408
12420
12425
12434
12447
12448
12474
12493
12497
12500
12502
12548
12551
12552
12570
12576
12590
12596
12602
12608
12621
12623
12624
12632
12649
12665
12674
12680
12686
12687
12689
12700
12704
12712
12714
12719
12723
12728
12730
12732
12733
12735
12748
12753
12764
12765
12769
12773
12776
12777
12778
12781
12786
12792
12793
12808
12824
12825
12834
12839
12843
12861
12864
12878
12884
12887
12890
12893
12895
12908
12933
12947
12952
12959
12963
12964
12969
12980
12987
12989
12990
12997
13004
13005
13016
13019
13020
13024
13029
13037
13048
13056
13068
13070
13072
13076
13082
13087
13098
13107
13109
13111
13112
13118
13123
13133
13134
13137
13138
13146
13150
13154
13156
13158
13169
13176
13193
13195
13202
13204
13214
13215
13222
13230
13236
13240
13242
13251
13254
13267
13272
13274
13284
13332
13341
13349
13352
13354
13357
13361
13365
13370
13372
13378
13393
13397
13405
13406
13409
13419
13439
13443
13447
13462
13469
13482
13511
13517
13533
13546
13566
13570
13580
13581
13583
13585
13590
13594
13596
13615
13621
13631
13641
13645
13648
13653
13661
13677
13678
13681
13684
13689
13698
13710
13712
13713
13721
13732
13735
13736
13738
13739
13741
13742
13745
13747
13748
13750
13751
13757
13760
13764
13773
13776
13780
13787
13788
13801
13823
13831
13834
13839
13846
13851
13855
13860
13862
13867
13877
13892
13901
13903
13905
13922
13923
13925
13928
13931
13947
13948
13950
13957
13965
13969
13971
13977
13997
14012
14015
14017
14021
14026
14029
14035
14039
14043
14047
14058
14064
14068
14074
14079
14085
14098
14125
14135
14136
14142
14148
14162
14168
14174
14178
14185
14208
14222
14242
14244
14246
14247
14272
14283
14293
14305
14310
14322
14327
14341
14360
14365
14372
14373
14374
14375
14377
14403
14413
14423
14424
14435
14441
14442
14446
14462
14465
14470
14473
14479
14480
14494
14496
14497
14532
14536
14537
14538
14542
14543
14545
14551
14567
14571
14572
14573
14576
14577
14578
14579
14587
14591
14598
14600
14609
14614
14620
14621
14622
14643
14648
14653
14656
14671
14673
14678
14687
14712
14715
14716
14718
14725
14731
14734
14743
14751
14762
14764
14773
14798
14800
14802
14805
14809
14813
14815
14816
14817
14827
14839
14845
14859
14860
14866
14868
14870
14908
14909
14910
14911
14917
14937
14940
14944
14945
14950
14951
14958
14969
14972
14973
14993
15000
15012
15015
15024
15028
15029
15038
15042
15050
15052
15064
15069
15072
15085
15090
15096
15097
15102
15117
15119
15130
15134
15145
15149
15150
15157
15164
15170
15179
15181
15190
15196
15213
15215
15228
15233
15238
15240
15241
15251
15255
15260
15261
15264
15266
15280
15285
15297
15298
15301
15319
15337
15338
15343
15349
15354
15366
15386
15395
15400
15402
15407
15416
15428
15430
15436
15447
15453
15459
15471
15483
15488
15502
15503
15505
15510
15512
15513
15515
15518
15526
15552
15559
15569
15570
15583
15588
15591
15594
15596
15601
15604
15618
15622
15637
15638
15640
15642
15646
15650
15656
15657
15659
15662
15669
15674
15683
15693
15694
15695
15701
15710
15729
15741
15751
15755
15762
15763
15764
15790
15794
15795
15812
15814
15823
15826
15854
15857
15861
15872
15873
15876
15888
15896
15901
15904
15933
15938
15943
15953
15957
15961
15962
15971
15982
15986
16001
16008
16012
16019
16035
16036
16041
16042
16046
16050
16064
16067
16071
16086
16087
16092
16096
16109
16136
16138
16143
16154
16159
16168
16169
16174
16176
16180
16185
16187
16195
16209
16236
16242
16248
16258
16261
16264
16276
16294
16299
16301
16303
16305
16310
16311
16318
16321
16322
16332
16333
16341
16349
16378
16379
16399
16416
16417
16422
16425
16427
16436
16445
16452
16454
16466
16477
16478
16494
16510
16512
16520
16525
16526
16528
16533
16534
16535
16538
16540
16548
16555
16559
16571
16572
16575
16581
16590
16591
16592
16594
16602
16605
16613
16615
16638
16639
16641
16644
16653
16655
16671
16674
16680
16683
16692
16694
16712
16713
16716
16718
16742
16746
16753
16767
16781
16789
16791
16793
16794
16795
16797
16802
16804
16810
16811
16833
16836
16840
16847
16852
16860
16863
16865
16866
16868
16869
16872
16875
16876
16890
16894
16895
16910
16921
16927
16932
16938
16942
16944
16952
16957
16958
16963
16968
16973
16984
16988
16994
17002
17004
17008
17016
17025
17030
17033
17042
17065
17067
17071
17084
17088
17089
17092
17103
17108
17111
17147
17152
17166
17184
17193
17197
17204
17223
17233
17246
17263
17266
17275
17277
17280
17285
17286
17302
17305
17308
17316
17319
17321
17322
17324
17329
17334
17344
17345
17351
17359
17365
17366
17374
17375
17379
17395
17400
17407
17423
17428
17429
17434
17465
17470
17492
17496
17501
17503
17522
17535
17542
17545
17572
17594
17601
17612
17618
17619
17622
17625
17629
17630
17637
17655
17657
17662
17675
17685
17697
17702
17704
17719
17723
17728
17737
17740
17746
17750
17770
17776
17777
17778
17785
17792
17793
17795
17802
17806
17808
17828
17846
17851
17857
17862
17864
17866
17892
17893
17904
17908
17909
17915
17936
17940
17962
17971
17987
17991
17994
17995
18004
18011
18012
18019
18048
18049
18050
18053
18059
18065
18075
18078
18114
18121
18122
18124
18128
18139
18144
18153
18154
18186
18191
18194
18196
18215
18221
18222
18223
18230
18231
18236
18237
18240
18242
18252
18267
18271
18272
18279
18283
18294
18306
18316
18320
18329
18331
18334
18352
18353
18367
18368
18372
18411
18419
18421
18426
18439
18440
18446
18447
18475
18486
18487
18505
18515
18518
18536
18543
18574
18580
18589
18591
18601
18620
18622
18637
18650
18652
18655
18656
18660
18673
18675
18705
18717
18729
18736
18738
18742
18751
18755
18761
18767
18769
18770
18780
18805
18815
18821
18827
18851
18862
18869
18873
18875
18882
18886
18909
18921
18939
18944
18946
18949
18970
18971
18972
18987
18988
18991
19000
19004
19023
19025
19026
19032
19055
19060
19062
19068
19072
19079
19083
19084
19097
19105
19114
19134
19153
19154
19156
19163
19168
19173
19179
19189
19194
19198
19203
19214
19220
19229
19237
19242
19244
19249
19251
19253
19256
19267
19269
19277
19278
19281
19283
19290
19291
19309
19313
19314
19317
19321
19327
19334
19342
19348
19350
19352
19357
19372
19376
19378
19380
19387
19397
19402
19403
19405
19412
19414
19415
19433
19436
19442
19443
19447
19464
19466
19468
19474
19481
19484
19490
19492
19496
19497
19499
19500
19516
19525
19527
19537
19544
19546
19564
19573
19579
19583
19592
19594
19604
19611
19631
19657
19658
19664
19669
19699
19709
19723
19739
19750
19764
19782
19783
19797
19802
19803
19812
19823
19830
19843
19846
19855
19864
19866
19870
19893
19898
19899
19903
19912
19920
19928
19931
19935
19936
19947
19955
19966
19969
19977
19981
20011
20027
20033
20034
20041
20042
20044
20054
20060
20068
20069
20077
20101
20107
20111
20120
20122
20123
20130
20136
20144
20163
20165
20169
20174
20175
20178
20183
20185
20186
20195
20229
20240
20249
20253
20259
20264
20274
20282
20290
20295
20304
20305
20308
20323
20328
20333
20336
20338
20340
20368
20371
20376
20378
20389
20390
20399
20403
20438
20445
20447
20452
20456
20465
20475
20484
20499
20500
20502
20507
20508
20530
20534
20539
20543
20545
20549
20550
20555
20600
20612
20635
20638
20668
20669
20673
20674
20683
20694
20697
20702
20704
20713
20721
20725
20732
20736
20745
20751
20784
20790
20796
20798
20801
20807
20815
20819
20836
20837
20841
20842
20847
20856
20859
20866
20905
20908
20909
20929
20932
20937
20943
20951
20957
20960
20962
20969
20974
20978
20979
20982
21005
21023
21036
21042
21052
21053
21069
21073
21086
21096
21099
21108
21113
21114
21119
21129
21134
21137
21155
21172
21173
21181
21186
21191
21200
21204
21217
21223
21224
21228
21230
21238
21240
21241
21244
21245
21271
21277
21279
21287
21292
21293
21317
21318
21322
21323
21329
21353
21354
21364
21365
21370
21376
21378
21382
21385
21388
21396
21399
21406
21410
21429
21430
21441
21442
21448
21451
21464
21466
21467
21470
21485
21504
21512
21519
21520
21536
21539
21540
21560
21561
21577
21593
21602
21603
21605
21607
21614
21618
21631
21637
21646
21649
21665
21671
21675
21693
21700
21703
21710
21716
21721
21725
21729
21738
21740
21745
21747
21753
21761
21762
21766
21773
21778
21797
21798
21801
21804
21807
21813
21815
21833
21835
21838
21839
21844
21845
21849
21854
21855
21873
21879
21889
21900
21905
21911
21916
21918
21924
21933
21936
21938
21941
21942
21949
21957
21966
21968
21976
21980
21982
21985
21986
21988
21997
22013
22018
22029
22047
22053
22057
22058
22062
22076
22081
22091
22096
22099
22100
22104
22107
22123
22124
22131
22137
22139
22142
22149
22153
22164
22173
22181
22188
22208
22211
22213
22223
22229
22239
22241
22245
22255
22258
22259
22260
22274
22298
22300
22301
22303
22305
22309
22311
22323
22330
22334
22337
22345
22352
22359
22362
22367
22384
22388
22392
22394
22395
22404
22422
22437
22442
22444
22453
22462
22463
22472
22479
22486
22490
22494
22498
22503
22505
22508
22509
22523
22525
22533
22534
22548
22552
22560
22563
22572
22578
22589
22593
22602
22613
22616
22623
22627
22628
22632
22639
22640
22641
22643
22650
22653
22654
22660
22670
22672
22698
22704
22706
22709
22716
22728
22729
22735
22740
22749
22751
22755
22759
22793
22817
22828
22832
22837
22840
22843
22858
22860
22861
22877
22878
22882
22885
22898
22899
22903
22913
22920
22921
22928
22933
22935
22943
22955
22965
22969
22971
22973
22978
22985
23002
23010
23012
23020
23021
23026
23031
23043
23074
23075
23078
23079
23080
23087
23107
23118
23129
23141
23144
23146
23150
23151
23160
23163
23168
23173
23175
23177
23182
23190
23191
23196
23212
23217
23223
23231
23235
23238
23243
23251
23265
23270
23272
23277
23278
23291
23294
23306
23308
23313
23316
23322
23326
23338
23343
23352
23355
23366
23368
23385
23390
23391
23409
23415
23420
23427
23428
23435
23449
23451
23462
23480
23483
23494
23495
23499
23500
23501
23503
23507
23511
23523
23535
23539
23543
23548
23549
23550
23555
23571
23578
23579
23595
23605
23615
23621
23625
23630
23632
23634
23647
23651
23661
23663
23664
23677
23681
23687
23691
23695
23697
23714
23715
23718
23725
23731
23732
23733
23741
23743
23745
23755
23770
23773
23777
23804
23817
23820
23824
23831
23835
23845
23853
23873
23875
23878
23880
23883
23886
23896
23901
23912
23925
23926
23927
23940
23958
23962
23966
23973
23975
23997
24001
24006
24010
24019
24041
24045
24050
24062
24064
24072
24076
24078
24081
24110
24113
24118
24140
24157
24166
24167
24177
24186
24189
24204
24216
24219
24234
24237
24242
24245
24249
24252
24258
24259
24260
24263
24273
24283
24297
24303
24307
24311
24312
24316
24322
24329
24330
24345
24346
24355
24356
24360
24364
24369
24375
24377
24382
24383
24388
24429
24449
24452
24466
24467
24473
24476
24479
24483
24501
24502
24514
24517
24519
24531
24535
24538
24544
24545
24552
24560
24561
24562
24582
24585
24590
24595
24606
24609
24610
24613
24618
24629
24630
24634
24640
24641
24647
24650
24651
24654
24664
24673
24678
24687
24694
24696
24706
24710
24712
24717
24727
24736
24742
24743
24747
24759
24768
24783
24786
24806
24825
24830
24833
24838
24855
24858
24860
24864
24869
24874
24877
24881
24883
24892
24916
24920
24922
24926
24939
24943
24949
24954
24977
24983
24995
24998
25006
25009
25023
25043
25073
25091
25095
25096
25099
25105
25106
25118
25126
25129
25131
25141
25145
25147
25150
25152
25162
25167
25172
25175
25180
25190
25204
25225
25227
25244
25252
25266
25297
25299
25310
25311
25321
25322
25333
25348
25355
25360
25361
25363
25364
25383
25387
25410
25420
25426
25427
25430
25450
25454
25458
25459
25460
25478
25479
25480
25481
25485
25488
25496
25498
25505
25506
25520
25521
25522
25542
25543
25545
25549
25557
25570
25571
25573
25577
25580
25584
25586
25594
25607
25610
25611
25612
25613
25619
25628
25631
25673
25679
25684
25691
25707
25709
25711
25715
25721
25728
25742
25747
25754
25758
25761
25766
25771
25777
25778
25790
25797
25806
25807
25809
25814
25820
25821
25823
25842
25858
25871
25889
25909
25911
25912
25925
25937
25944
25947
25948
25952
25964
25966
25971
25973
25999
26000
26003
26011
26016
26018
26027
26031
26043
26044
26049
26050
26055
26058
26061
26064
26073
26082
26090
26095
26101
26103
26126
26137
26163
26168
26170
26182
26184
26194
26196
26197
26198
26201
26203
26207
26210
26211
26221
26222
26227
26246
26252
26265
26266
26271
26280
26290
26291
26297
26299
26303
26308
26310
26319
26322
26327
26342
26352
26358
26368
26377
26379
26384
26388
26392
26395
26402
26404
26412
26418
26423
26438
26442
26443
26444
26464
26466
26468
26471
26475
26478
26494
26496
26504
26512
26515
26518
26537
26539
26543
26548
26551
26557
26567
26569
26570
26572
26574
26576
26591
26592
26593
26625
26628
26629
26638
26652
26656
26658
26660
26672
26679
26683
26686
26695
26702
26712
26719
26721
26725
26729
26736
26740
26745
26746
26750
26751
26758
26765
26771
26772
26781
26788
26791
26793
26805
26806
26808
26815
26818
26831
26838
26849
26851
26862
26867
26870
26871
26875
26876
26883
26890
26894
26901
26903
26919
26924
26932
26939
26948
26949
26953
26959
26962
26966
26970
26973
26991
26992
26999
27013
27016
27019
27051
27056
27058
27060
27061
27068
27079
27095
27101
27114
27133
27137
27146
27156
27161
27164
27171
27184
27188
27194
27206
27215
27218
27223
27224
27226
27245
27249
27252
27262
27286
27292
27295
27296
27299
27309
27312
27313
27319
27332
27333
27334
27338
27340
27341
27345
27356
27362
27369
27378
27382
27386
27388
27401
27403
27405
27419
27444
27452
27458
27464
27465
27468
27469
27490
27491
27496
27511
27519
27521
27530
27533
27539
27552
27557
27573
27575
27579
27606
27608
27610
27611
27621
27622
27630
27641
27644
27649
27664
27676
27681
27689
27699
27701
27717
27718
27727
27737
27740
27746
27762
27763
27775
27780
27785
27790
27794
27796
27797
27815
27830
27848
27860
27864
27871
27877
27888
27893
27901
27908
27921
27922
27923
27928
27929
27934
27937
27951
27969
27975
27977
27989
27995
28009
28012
28015
28025
28027
28040
28057
28072
28078
28082
28086
28089
28097
28098
28103
28105
28113
28118
28120
28124
28140
28141
28148
28165
28170
28171
28179
28186
28187
28193
28199
28222
28228
28247
28257
28258
28262
28264
28275
28282
28317
28319
28322
28324
28349
28357
28359
28362
28367
28371
28402
28409
28410
28413
28442
28453
28455
28459
28464
28465
28467
28479
28482
28484
28487
28491
28492
28496
28497
28502
28508
28522
28529
28530
28532
28533
28535
28536
28543
28554
28561
28562
28569
28581
28587
28590
28606
28608
28610
28624
28631
28633
28634
28656
28657
28658
28677
28694
28695
28705
28707
28712
28720
28721
28724
28733
28741
28756
28757
28769
28770
28787
28790
28794
28799
28810
28827
28829
28831
28838
28841
28861
28865
28867
28868
28870
28871
28874
28886
28888
28892
28899
28900
28906
28915
28922
28925
28926
28928
28946
28948
28973
28975
28984
28989
28993
28994
28996
29007
29008
29031
29035
29036
29042
29044
29046
29054
29055
29056
29060
29065
29069
29072
29096
29097
29101
29106
29124
29129
29131
29133
29139
29142
29143
29154
29160
29168
29177
29182
29192
29218
29230
29238
29239
29243
29249
29251
29265
29267
29272
29273
29274
29285
29286
29291
29292
29302
29306
29307
29309
29311
29312
29317
29322
29329
29330
29375
29380
29397
29413
29428
29433
29435
29443
29447
29464
29465
29467
29469
29477
29483
29485
29486
29487
29488
29505
29511
29515
29529
29531
29532
29559
29569
29584
29585
29588
29594
29596
29611
29616
29619
29622
29630
29631
29636
29653
29659
29663
29683
29684
29686
29691
29692
29699
29705
29706
29707
29731
29732
29737
29748
29750
29754
29756
29759
29760
29761
29770
29776
29780
29791
29796
29797
29806
29811
29819
29822
29823
29831
29841
29849
29866
29876
29897
29909
29916
29917
29923
29927
29943
29945
29948
29953
29956
29959
29963
29973
29984
29986
29988
29991
30011
30029
30030
30037
30038
30042
30048
30061
30062
30065
30067
30098
30104
30106
30129
30134
30142
30146
30148
30151
30153
30158
30161
30163
30164
30167
30181
30183
30192
30197
30212
30214
30216
30229
30230
30234
30239
30248
30252
30256
30259
30262
30273
30276
30279
30280
30291
30301
30309
30316
30320
30347
30349
30375
30398
30401
30405
30429
30439
30458
30459
30479
30481
30489
30494
30495
30497
30498
30513
30529
30537
30539
30568
30575
30581
30582
30583
30585
30593
30599
30601
30603
30608
30612
30623
30627
30636
30641
30642
30652
30660
30662
30664
30666
30669
30672
30673
30679
30680
30681
30703
30706
30718
30727
30730
30733
30736
30746
30767
30769
30778
30782
30787
30798
30804
30810
30816
30818
30819
30821
30825
30840
30844
30846
30849
30856
30864
30868
30870
30881
30882
30883
30908
30915
30930
30934
30972
30982
30983
30999
31002
31007
31009
31011
31024
31029
31035
31043
31044
31046
31050
31057
31058
31066
31073
31075
31085
31087
31088
31091
31092
31109
31128
31133
31137
31171
31177
31201
31203
31205
31217
31218
31224
31237
31239
31247
31252
31266
31278
31285
31296
31309
31311
31326
31333
31336
31347
31359
31366
31374
31388
31395
31402
31404
31405
31406
31407
31409
31413
31419
31420
31423
31431
31437
31442
31443
31466
31470
31489
31490
31493
31494
31495
31510
31513
31530
31531
31534
31544
31553
31564
31568
31570
31574
31601
31604
31608
31623
31624
31633
31647
31654
31656
31666
31673
31682
31687
31693
31694
31697
31718
31719
31734
31736
31741
31748
31750
31753
31756
31759
31761
31765
31788
31790
31799
31806
31819
31824
31831
31846
31857
31863
31867
31870
31890
31898
31904
31906
31909
31913
31923
31935
31947
31957
31966
32001
32002
32004
32006
32013
32020
32021
32033
32035
32048
32057
32061
32069
32076
32087
32104
32105
32106
32110
32115
32126
32127
32128
32140
32142
32148
32149
32152
32155
32156
32168
32171
32190
32192
32206
32212
32219
32220
32235
32245
32257
32259
32260
32269
32271
32279
32284
32287
32288
32290
32301
32303
32308
32309
32318
32320
32335
32341
32346
32348
32349
32360
32368
32385
32407
32426
32429
32430
32431
32444
32452
32454
32457
32461
32474
32481
32490
32492
32511
32516
32527
32536
32537
32541
32550
32554
32558
32559
32562
32569
32571
32572
32573
32575
32578
32579
32593
32595
32607
32609
32612
32619
32620
32621
32623
32629
32634
32638
32644
32648
32649
32653
32654
32659
32665
32670
32671
32688
32689
32690
32694
32710
32717
32721
32742
32745
32753
32755
32756
32760
32764
32766
32775
32777
32780
32798
32801
32815
32822
32828
32831
32832
32833
32836
32846
32848
32849
32859
32871
32899
32914
32920
32929
32937
32939
32944
32949
32953
32954
32958
32960
32979
32981
32985
32988
32995
32997
33002
33005
33014
33028
33032
33033
33038
33040
33042
33048
33055
33067
33077
33099
33106
33108
33110
33112
33114
33138
33149
33159
33161
33162
33165
33173
33177
33184
33195
33200
33201
33204
33211
33213
33220
33224
33226
33234
33235
33241
33244
33245
33249
33256
33257
33265
33275
33286
33298
33302
33311
33317
33322
33329
33338
33343
33358
33369
33375
33380
33402
33405
33407
33412
33413
33414
33437
33442
33446
33448
33451
33462
33465
33469
33477
33482
33500
33513
33517
33522
33524
33526
33532
33542
33545
33546
33547
33555
33560
33561
33568
33570
33576
33584
33599
33603
33605
33607
33609
33616
33619
33621
33626
33632
33642
33643
33654
33660
33661
33666
33669
33670
33681
33685
33694
33710
33724
33727
33741
33743
33745
33750
33756
33763
33768
33770
33772
33776
33777
33781
33789
33797
33799
33810
33811
33819
33827
33835
33836
33838
33843
33846
33854
33856
33870
33891
33897
33906
33925
33944
33946
33951
33962
33967
33968
33972
33974
33975
33983
33986
33990
33997
34009
34013
34016
34025
34063
34066
34073
34077
34104
34108
34111
34125
34126
34136
34150
34158
34162
34174
34177
34183
34189
34190
34191
34192
34194
34198
34204
34211
34212
34222
34223
34233
34236
34241
34243
34247
34271
34281
34285
34295
34298
34302
34310
34311
34313
34317
34324
34328
34343
34349
34352
34355
34363
34368
34385
34386
34421
34429
34437
34452
34453
34458
34460
34468
34469
34474
34480
34484
34485
34493
34500
34511
34513
34523
34526
34529
34537
34549
34557
34559
34569
34587
34596
34600
34607
34618
34623
34629
34643
34644
34646
34651
34652
34660
34663
34692
34701
34706
34708
34713
34715
34716
34720
34726
34729
34740
34743
34748
34752
34755
34757
34765
34767
34786
34793
34798
34803
34811
34814
34823
34831
34833
34836
34842
34844
34845
34846
34860
34865
34875
34878
34886
34887
34891
34893
34912
34929
34938
34960
34963
34984
34991
35007
35013
35023
35029
35030
35031
35033
35036
35041
35045
35054
35071
35076
35088
35097
35105
35108
35114
35115
35121
35123
35127
35136
35150
35155
35161
35164
35166
35171
35186
35190
35200
35205
35214
35217
35218
35231
35232
35245
35247
35252
35260
35290
35302
35322
35333
35334
35346
35349
35352
35354
35358
35359
35380
35381
35387
35390
35394
35412
35413
35421
35433
35444
35448
35454
35464
35474
35476
35477
35498
35512
35514
35515
35526
35527
35529
35538
35546
35547
35555
35566
35575
35576
35582
35591
35598
35603
35615
35616
35618
35623
35642
35652
35654
35666
35686
35688
35690
35701
35704
35712
35715
35721
35722
35735
35750
35760
35765
35770
35771
35773
35779
35787
35797
35806
35808
35826
35830
35832
35845
35857
35860
35863
35871
35875
35884
35886
35897
35902
35906
35917
35920
35939
35941
35945
35951
35953
35958
35986
35987
36009
36010
36015
36024
36034
36038
36044
36046
36049
36060
36061
36065
36066
36070
36071
36078
36080
36082
36086
36090
36096
36110
36114
36123
36125
36139
36141
36145
36155
36157
36158
36169
36170
36194
36197
36201
36209
36220
36229
36249
36262
36266
36267
36271
36272
36301
36317
36322
36323
36325
36326
36333
36334
36337
36338
36343
36344
36354
36364
36365
36368
36380
36386
36393
36396
36413
36415
36418
36431
36445
36450
36456
36457
36461
36463
36473
36518
36525
36526
36528
36534
36543
36545
36550
36560
36562
36564
36575
36578
36582
36588
36593
36602
36604
36610
36611
36620
36626
36629
36632
36638
36641
36647
36650
36666
36670
36671
36673
36683
36686
36691
36700
36703
36704
36705
36720
36721
36738
36748
36749
36754
36758
36765
36768
36790
36799
36825
36833
36842
36856
36864
36870
36874
36885
36895
36898
36905
36907
36916
36950
36951
36952
36954
36956
36966
36969
36978
36981
36986
36989
36990
36999
37003
37030
37031
37043
37044
37046
37055
37059
37061
37065
37066
37069
37073
37082
37094
37106
37109
37110
37112
37116
37119
37122
37124
37126
37130
37138
37155
37166
37177
37178
37183
37195
37199
37202
37205
37212
37248
37251
37260
37264
37276
37300
37305
37322
37331
37336
37337
37342
37345
37353
37359
37369
37389
37412
37414
37417
37418
37421
37426
37431
37446
37457
37462
37463
37468
37498
37502
37506
37526
37532
37535
37541
37542
37552
37556
37576
37579
37590
37592
37606
37619
37631
37634
37640
37657
37660
37674
37704
37705
37714
37734
37750
37760
37788
37792
37793
37797
37799
37801
37815
37821
37822
37826
37838
37843
37847
37851
37860
37871
37874
37879
37881
37882
37892
37912
37920
37925
37929
37944
37946
37952
37956
37966
37986
37994
38017
38018
38019
38027
38028
38031
38037
38045
38050
38053
38054
38074
38076
38079
38094
38095
38110
38112
38119
38121
38123
38134
38141
38145
38149
38152
38171
38182
38187
38188
38198
38202
38223
38231
38232
38237
38239
38252
38253
38256
38258
38261
38267
38269
38272
38275
38282
38293
38301
38306
38310
38326
38330
38347
38348
38350
38356
38358
38366
38385
38397
38406
38416
38430
38439
38441
38451
38463
38465
38468
38470
38472
38476
38481
38496
38509
38521
38525
38533
38554
38558
38563
38568
38575
38576
38581
38586
38592
38599
38601
38620
38628
38629
38631
38634
38638
38640
38653
38660
38667
38671
38676
38689
38691
38704
38707
38735
38741
38742
38750
38757
38758
38775
38776
38778
38783
38784
38788
38789
38790
38806
38818
38837
38840
38845
38848
38854
38857
38866
38872
38877
38902
38936
38939
38944
38945
38955
38960
38980
38990
38997
39005
39009
39012
39020
39024
39042
39051
39053
39054
39063
39064
39065
39078
39084
39094
39109
39122
39123
39130
39132
39144
39148
39150
39159
39162
39165
39167
39168
39170
39182
39183
39186
39190
39191
39194
39197
39212
39216
39226
39238
39245
39256
39257
39261
39268
39271
39274
39289
39299
39303
39308
39309
39310
39314
39322
39332
39342
39375
39392
39397
39398
39408
39410
39412
39416
39417
39419
39438
39453
39456
39461
39476
39477
39478
39483
39487
39488
39497
39507
39509
39517
39522
39528
39545
39547
39548
39549
39554
39556
39559
39563
39576
39590
39596
39605
39609
39615
39618
39624
39632
39642
39656
39657
39669
39673
39679
39682
39684
39703
39707
39715
39716
39728
39731
39739
39743
39756
39764
39778
39795
39806
39815
39827
39841
39848
39852
39859
39865
39874
39879
39886
39890
39895
39897
39904
39922
39925
39928
39931
39954
39972
39982
39984
39996
40010
40016
40025
40047
40063
40072
40080
40083
40097
40106
40108
40110
40127
40130
40132
40133
40135
40137
40154
40163
40180
40183
40194
40205
40209
40218
40236
40249
40254
40260
40262
40272
40276
40285
40288
40300
40301
40308
40311
40313
40316
40317
40349
40350
40354
40355
40366
40368
40373
40375
40387
40395
40401
40404
40406
40407
40421
40429
40437
40440
40441
40448
40453
40454
40456
40459
40461
40462
40469
40475
40490
40495
40520
40524
40534
40542
40544
40550
40558
40560
40570
40581
40613
40620
40629
40636
40652
40654
40659
40665
40672
40673
40677
40685
40701
40710
40716
40717
40732
40734
40738
40746
40750
40754
40757
40767
40773
40777
40783
40787
40806
40820
40825
40832
40836
40840
40844
40846
40852
40859
40871
40898
40904
40908
40909
40911
40913
40916
40919
40927
40931
40943
40954
40980
40983
40990
40992
40999
41000
41005
41009
41011
41019
41035
41037
41045
41049
41060
41065
41079
41092
41096
41097
41102
41107
41118
41131
41133
41142
41147
41160
41163
41189
41196
41202
41210
41212
41213
41214
41221
41222
41239
41244
41259
41265
41268
41279
41291
41294
41295
41301
41303
41309
41344
41345
41362
41368
41370
41372
41382
41414
41415
41419
41432
41442
41445
41465
41467
41468
41483
41508
41509
41512
41541
41552
41562
41563
41565
41574
41579
41585
41587
41591
41592
41597
41613
41615
41617
41619
41629
41637
41642
41643
41646
41651
41657
41669
41670
41672
41679
41695
41700
41709
41714
41725
41731
41743
41749
41752
41755
41757
41760
41763
41772
41775
41784
41793
41795
41815
41823
41827
41833
41834
41842
41849
41856
41863
41874
41881
41893
41894
41898
41900
41916
41919
41921
41927
41937
41945
41953
41957
41958
41960
41962
41992
41997
41998
42001
42002
42013
42014
42026
42028
42032
42045
42052
42054
42057
42059
42086
42088
42101
42106
42112
42114
42120
42136
42139
42155
42156
42158
42172
42183
42187
42189
42190
42195
42205
42221
42222
42226
42230
42231
42235
42249
42250
42260
42271
42274
42276
42279
42282
42286
42295
42308
42311
42314
42318
42321
42322
42329
42335
42336
42340
42356
42361
42363
42366
42367
42369
42373
42377
42383
42390
42399
42405
42406
42409
42415
42423
42433
42434
42440
42460
42461
42462
42467
42496
42511
42514
42527
42534
42535
42536
42538
42547
42556
42576
42594
42600
42607
42612
42615
42617
42622
42628
42633
42648
42669
42685
42690
42695
42705
42712
42713
42715
42718
42721
42725
42727
42728
42729
42731
42734
42765
42779
42790
42800
42805
42818
42825
42827
42832
42837
42850
42854
42855
42860
42861
42864
42868
42877
42879
42888
42889
42896
42898
42901
42904
42905
42916
42922
42926
42933
42937
42941
42943
42948
42950
42952
42953
42964
42967
42969
42975
42978
42983
42989
42992
42998
43029
43031
43033
43044
43054
43062
43072
43089
43091
43097
43098
43105
43112
43117
43123
43124
43152
43156
43162
43168
43170
43174
43183
43186
43222
43228
43230
43232
43243
43247
43250
43251
43258
43266
43267
43268
43283
43285
43286
43300
43301
43302
43305
43311
43334
43335
43341
43349
43359
43364
43374
43389
43391
43396
43413
43425
43426
43439
43440
43446
43448
43467
43473
43483
43486
43498
43502
43506
43510
43513
43516
43523
43527
43533
43534
43539
43561
43565
43567
43568
43570
43578
43579
43581
43587
43591
43592
43615
43623
43634
43646
43647
43650
43654
43663
43667
43668
43672
43676
43685
43694
43707
43714
43720
43726
43731
43734
43737
43759
43761
43763
43768
43769
43770
43783
43786
43800
43825
43833
43841
43865
43871
43885
43892
43894
43899
43900
43905
43906
43908
43919
43920
43922
43925
43926
43935
43939
43944
43945
43951
43953
43959
43960
43961
43962
43966
43974
43982
43987
43996
43997
43998
44009
44011
44023
44029
44036
44045
44048
44051
44061
44062
44063
44066
44069
44073
44075
44077
44097
44104
44110
44127
44128
44130
44138
44143
44157
44161
44164
44166
44168
44182
44190
44210
44211
44221
44227
44230
44241
44245
44257
44262
44277
44306
44310
44312
44318
44319
44326
44327
44334
44338
44354
44370
44373
44376
44383
44390
44394
44400
44410
44418
44419
44422
44426
44435
44439
44454
44474
44489
44494
44496
44507
44508
44511
44519
44526
44529
44538
44545
44550
44556
44559
44564
44568
44578
44581
44583
44599
44605
44616
44619
44628
44629
44634
44637
44643
44644
44645
44657
44663
44673
44676
44684
44692
44704
44708
44715
44718
44720
44724
44727
44729
44737
44741
44755
44763
44765
44766
44777
44783
44788
44794
44797
44802
44810
44811
44819
44829
44843
44849
44851
44858
44862
44865
44867
44871
44875
44888
44925
44933
44936
44940
44942
44944
44947
44965
44966
44971
44981
44984
44991
44999
45004
45009
45013
45022
45023
45029
45030
45033
45034
45048
45050
45060
45061
45065
45068
45082
45085
45091
45104
45129
45130
45134
45156
45164
45175
45180
45182
45184
45201
45209
45230
45235
45238
45265
45269
45274
45275
45278
45281
45292
45296
45303
45307
45321
45326
45327
45329
45333
45339
45348
45351
45363
45365
45369
45373
45375
45382
45383
45388
45393
45394
45401
45403
45409
45417
45421
45423
45426
45427
45445
45449
45454
45456
45461
45471
45476
45486
45499
45501
45507
45511
45513
45515
45518
45521
45524
45530
45540
45541
45542
45543
45547
45551
45552
45558
45559
45560
45565
45566
45571
45574
45578
45583
45586
45594
45595
45599
45607
45611
45621
45622
45624
45631
45635
45636
45643
45645
45654
45664
45670
45674
45681
45683
45703
45720
45721
45726
45728
45734
45740
45760
45766
45776
45780
45784
45789
45804
45805
45806
45807
45814
45826
45827
45837
45842
45852
45853
45855
45864
45878
45879
45882
45884
45899
45901
45902
45919
45924
45952
45989
45992
45995
45996
45998
46000
46007
46016
46021
46029
46035
46065
46077
46080
46092
46114
46124
46131
46136
46141
46146
46150
46152
46155
46157
46172
46191
46194
46206
46225
46228
46231
46233
46235
46236
46241
46247
46250
46252
46255
46271
46295
46302
46318
46323
46331
46332
46339
46349
46369
46371
46375
46378
46379
46381
46383
46401
46407
46421
46424
46426
46440
46448
46450
46467
46484
46491
46492
46496
46498
46499
46512
46519
46520
46540
46555
46556
46561
46570
46572
46600
46611
46617
46624
46625
46627
46630
46632
46641
46645
46646
46652
46657
46671
46673
46677
46692
46693
46703
46706
46713
46721
46730
46744
46747
46748
46751
46752
46753
46760
46770
46771
46777
46778
46784
46785
46791
46801
46803
46810
46829
46836
46838
46842
46853
46856
46858
46868
46869
46878
46879
46881
46885
46886
46897
46903
46908
46932
46933
46934
46943
46944
46949
46950
46953
46963
46967
46975
46976
46983
46992
46994
46995
46998
47000
47001
47006
47039
47057
47058
47064
47066
47068
47070
47077
47082
47106
47112
47113
47121
47122
47126
47135
47146
47157
47163
47181
47182
47191
47194
47206
47217
47218
47229
47237
47244
47249
47255
47264
47271
47282
47284
47286
47293
47294
47307
47308
47324
47331
47342
47350
47358
47365
47373
47376
47381
47392
47397
47398
47400
47407
47413
47416
47417
47433
47442
47443
47469
47484
47489
47504
47516
47520
47526
47527
47540
47552
47559
47567
47583
47584
47586
47598
47600
47603
47607
47611
47612
47614
47616
47617
47623
47630
47634
47646
47648
47651
47653
47663
47664
47668
47669
47672
47678
47679
47687
47692
47698
47700
47712
47714
47721
47731
47732
47734
47736
47742
47755
47758
47761
47772
47777
47779
47783
47789
47794
47809
47812
47813
47824
47830
47832
47836
47838
47842
47855
47857
47864
47866
47868
47876
47877
47882
47892
47894
47896
47898
47899
47900
47905
47929
47935
47954
47957
47962
47967
47972
47988
47990
47993
47998
47999
48000
48011
48020
48024
48025
48027
48033
48041
48045
48048
48057
48064
48065
48075
48079
48083
48089
48091
48092
48097
48105
48119
48122
48131
48133
48138
48152
48156
48162
48163
48176
48184
48199
48201
48217
48219
48236
48238
48245
48246
48281
48287
48298
48304
48308
48315
48320
48322
48326
48328
48330
48331
48338
48340
48341
48344
48346
48351
48362
48365
48378
48382
48389
48390
48397
48402
48405
48414
48417
48429
48432
48438
48440
48450
48459
48478
48480
48494
48495
48498
48503
48504
48516
48521
48525
48526
48528
48531
48541
48563
48576
48589
48595
48604
48610
48614
48616
48620
48627
48650
48664
48665
48666
48668
48681
48685
48686
48703
48714
48722
48743
48746
48747
48779
48784
48786
48797
48798
48806
48807
48810
48814
48827
48846
48856
48862
48870
48872
48880
48882
48900
48911
48913
48916
48917
48927
48935
48938
48939
48940
48944
48948
48967
48977
48996
49004
49013
49014
49018
49029
49041
49047
49070
49074
49082
49084
49085
49091
49104
49109
49117
49143
49175
49193
49196
49214
49215
49236
49242
49244
49252
49254
49265
49266
49274
49275
49287
49288
49294
49296
49303
49325
49341
49345
49348
49349
49366
49367
49370
49375
49381
49389
49395
49409
49419
49425
49435
49437
49440
49443
49446
49449
49460
49463
49464
49466
49473
49482
49483
49486
49495
49506
49521
49530
49532
49533
49538
49539
49542
49566
49567
49579
49580
49582
49586
49592
49596
49614
49632
49635
49639
49641
49648
49650
49658
49664
49678
49685
49710
49715
49722
49723
49749
49756
49760
49770
49772
49780
49784
49806
49811
49813
49815
49820
49827
49828
49840
49841
49848
49855
49856
49870
49872
49874
49875
49879
49881
49883
49903
49908
49909
49911
49920
49940
49949
49950
49961
49966
49972
49986
49992
49997
50006
50016
50022
50026
50030
50034
50049
50054
50057
50064
50088
50104
50130
50131
50144
50150
50153
50170
50189
50199
50200
50201
50207
50218
50220
50237
50242
50257
50261
50267
50278
50298
50308
50317
50319
50320
50328
50344
50346
50353
50359
50368
50389
50395
50398
50402
50404
50410
50411
50418
50420
50429
50439
50443
50454
50474
50480
50482
50483
50486
50490
50505
50509
50516
50526
50530
50537
50539
50554
50555
50573
50579
50581
50582
50598
50602
50611
50616
50623
50630
50635
50659
50660
50665
50682
50684
50687
50691
50694
50706
50709
50710
50725
50733
50735
50738
50741
50746
50749
50750
50752
50760
50772
50774
50775
50778
50792
50797
50805
50810
50826
50828
50829
50841
50842
50853
50859
50860
50863
50867
50876
50895
50901
50907
50916
50926
50933
50934
50936
50939
50941
50945
50946
50959
50968
50980
50984
50992
51002
51012
51015
51017
51038
51040
51041
51052
51070
51074
51082
51084
51088
51094
51096
51100
51102
51105
51109
51121
51124
51129
51138
51178
51191
51196
51212
51213
51233
51243
51246
51250
51255
51256
51267
51278
51285
51286
51288
51290
51292
51293
51294
51296
51298
51310
51315
51318
51331
51336
51351
51353
51355
51356
51365
51371
51375
51386
51390
51396
51400
51410
51417
51432
51433
51436
51448
51451
51461
51464
51475
51480
51487
51495
51502
51505
51511
51516
51521
51523
51525
51542
51547
51550
51560
51574
51576
51598
51599
51602
51603
51605
51612
51617
51620
51626
51636
51637
51642
51646
51648
51654
51661
51662
51668
51676
51681
51686
51689
51698
51711
51727
51731
51736
51741
51760
51761
51762
51765
51780
51793
51795
51801
51808
51809
51817
51826
51842
51850
51851
51858
51863
51870
51910
51920
51922
51931
51944
51955
51966
51967
51968
51976
51977
51987
52003
52008
52011
52019
52024
52048
52054
52057
52059
52060
52062
52075
52085
52089
52098
52104
52114
52129
52131
52135
52136
52145
52156
52161
52173
52184
52190
52192
52196
52198
52199
52207
52219
52220
52235
52237
52241
52247
52257
52258
52260
52285
52294
52297
52304
52308
52314
52320
52321
52323
52328
52339
52343
52349
52353
52361
52362
52374
52379
52380
52384
52394
52395
52397
52418
52426
52427
52433
52435
52442
52452
52453
52458
52462
52464
52475
52490
52493
52495
52497
52501
52505
52506
52508
52519
52523
52524
52525
52530
52547
52552
52556
52557
52578
52586
52591
52600
52601
52618
52628
52632
52645
52687
52690
52698
52703
52731
52733
52735
52738
52741
52745
52748
52757
52784
52788
52804
52809
52816
52818
52830
52834
52847
52870
52878
52889
52892
52893
52902
52914
52937
52950
52960
52965
52972
52983
53038
53045
53062
53063
53065
53068
53069
53072
53080
53082
53088
53090
53093
53098
53108
53114
53121
53131
53152
53155
53157
53160
53162
53170
53177
53187
53188
53190
53192
53197
53198
53218
53227
53230
53234
53240
53246
53257
53265
53270
53274
53277
53282
53284
53286
53297
53298
53299
53302
53305
53323
53325
53336
53339
53340
53343
53344
53345
53349
53354
53357
53380
53383
53392
53424
53427
53441
53442
53444
53446
53449
53454
53480
53482
53490
53491
53511
53520
53523
53526
53532
53539
53543
53549
53551
53554
53558
53561
53565
53569
53570
53579
53583
53587
53599
53602
53603
53604
53607
53614
53624
53631
53640
53643
53644
53647
53650
53674
53677
53690
53697
53713
53715
53721
53732
53735
53748
53749
53778
53790
53798
53805
53811
53815
53824
53827
53831
53844
53851
53856
53867
53868
53890
53892
53896
53899
53909
53914
53917
53924
53930
53939
53942
53943
53944
53945
53947
53949
53950
53956
53957
53972
53974
53975
53976
53985
53999
54002
54009
54020
54026
54032
54038
54042
54057
54058
54060
54076
54078
54083
54089
54094
54095
54117
54122
54125
54130
54159
54170
54187
54194
54198
54206
54209
54222
54225
54231
54232
54233
54234
54239
54241
54243
54251
54259
54261
54272
54278
54281
54283
54287
54293
54296
54297
54299
54300
54304
54314
54328
54330
54338
54340
54346
54348
54349
54356
54361
54397
54401
54405
54412
54432
54436
54441
54443
54448
54449
54454
54456
54479
54480
54483
54487
54489
54491
54504
54505
54512
54521
54525
54527
54534
54539
54544
54548
54552
54553
54558
54564
54577
54596
54605
54622
54623
54636
54638
54640
54644
54664
54669
54686
54688
54703
54711
54718
54726
54731
54732
54736
54738
54739
54747
54751
54754
54775
54786
54809
54813
54814
54816
54823
54825
54832
54839
54854
54861
54864
54865
54872
54874
54880
54887
54888
54892
54938
54939
54941
54943
54945
54947
54948
54953
54956
54977
54987
54993
54997
54999
55012
55018
55026
55027
55030
55031
55033
55060
55066
55078
55083
55084
55089
55097
55099
55101
55106
55124
55132
55133
55135
55136
55144
55178
55180
55182
55184
55188
55191
55195
55203
55208
55218
55222
55225
55227
55238
55242
55262
55272
55284
55286
55288
55309
55327
55334
55337
55338
55341
55350
55357
55370
55379
55384
55387
55406
55410
55412
55429
55431
55434
55435
55442
55443
55448
55455
55457
55474
55483
55488
55496
55510
55511
55521
55522
55536
55540
55543
55558
55576
55579
55584
55593
55596
55609
55630
55632
55638
55652
55655
55665
55676
55678
55679
55689
55693
55697
55698
55723
55747
55760
55777
55783
55785
55798
55804
55806
55807
55810
55812
55817
55821
55829
55837
55855
55876
55878
55890
55906
55912
55914
55915
55918
55920
55921
55934
55936
55942
55945
55946
55956
55964
55967
55968
55979
55991
55993
55995
56001
56006
56012
56013
56033
56034
56035
56036
56041
56049
56058
56061
56063
56073
56080
56089
56092
56095
56099
56126
56139
56140
56144
56145
56148
56149
56166
56171
56186
56187
56195
56211
56215
56254
56255
56258
56283
56284
56288
56292
56305
56309
56323
56325
56360
56367
56374
56382
56398
56411
56418
56432
56436
56441
56445
56451
56472
56478
56482
56485
56491
56493
56503
56512
56520
56539
56543
56544
56546
56549
56554
56565
56595
56597
56601
56604
56613
56644
56649
56651
56657
56661
56670
56676
56683
56692
56694
56699
56700
56707
56718
56722
56724
56725
56734
56743
56753
56757
56764
56777
56778
56783
56790
56796
56804
56814
56829
56835
56847
56850
56852
56867
56869
56880
56884
56893
56902
56907
56908
56927
56941
56943
56945
56956
56962
56969
56987
56990
56992
56994
57002
57016
57017
57018
57025
57026
57039
57042
57046
57049
57056
57060
57074
57100
57106
57109
57123
57127
57129
57133
57140
57148
57156
57171
57172
57182
57183
57185
57192
57195
57206
57214
57217
57219
57224
57235
57238
57242
57254
57261
57264
57273
57282
57289
57296
57297
57303
57321
57323
57325
57340
57342
57343
57353
57354
57357
57358
57359
57360
57369
57376
57396
57399
57401
57408
57410
57414
57434
57446
57455
57474
57478
57483
57485
57490
57491
57493
57494
57497
57500
57507
57509
57510
57512
57514
57516
57521
57522
57541
57542
57544
57548
57549
57553
57568
57569
57577
57582
57584
57589
57590
57598
57601
57609
57611
57613
57618
57619
57624
57628
57629
57631
57642
57652
57654
57662
57681
57684
57685
57690
57691
57709
57711
57715
57716
57734
57736
57742
57744
57759
57771
57779
57781
57782
57785
57790
57793
57794
57799
57800
57804
57824
57827
57857
57865
57871
57891
57892
57895
57905
57906
57909
57910
57919
57921
57924
57928
57929
57936
57938
57939
57941
57945
57959
57969
57970
57975
57988
57995
58002
58003
58008
58011
58012
58016
58036
58037
58040
58043
58069
58072
58073
58078
58098
58123
58134
58140
58147
58175
58182
58183
58184
58193
58207
58222
58226
58227
58264
58266
58267
58280
58281
58288
58300
58302
58312
58316
58317
58318
58320
58323
58336
58339
58342
58346
58349
58350
58353
58359
58362
58366
58377
58384
58385
58386
58388
58394
58396
58401
58404
58406
58413
58418
58421
58423
58429
58431
58433
58444
58450
58452
58455
58468
58479
58487
58489
58505
58511
58525
58539
58540
58541
58553
58557
58558
58564
58570
58595
58607
58612
58615
58630
58642
58650
58653
58658
58676
58679
58683
58685
58687
58694
58706
58718
58720
58722
58724
58736
58739
58760
58764
58771
58779
58787
58798
58799
58800
58808
58809
58825
58832
58839
58851
58853
58881
58896
58898
58905
58908
58912
58916
58917
58924
58926
58937
58942
58948
58950
58952
58956
58960
58972
58986
59005
59007
59011
59019
59029
59034
59036
59041
59043
59059
59060
59068
59080
59085
59090
59091
59096
59101
59105
59130
59133
59148
59151
59160
59163
59170
59171
59175
59188
59191
59193
59194
59197
59201
59204
59209
59227
59235
59240
59250
59256
59257
59264
59267
59274
59276
59277
59304
59311
59318
59334
59338
59339
59342
59352
59382
59387
59404
59405
59407
59410
59411
59413
59422
59423
59424
59443
59444
59456
59460
59473
59477
59484
59490
59496
59503
59516
59525
59528
59544
59545
59567
59580
59583
59584
59589
59596
59602
59606
59610
59613
59614
59617
59637
59639
59646
59654
59656
59658
59663
59666
59668
59693
59720
59725
59727
59728
59738
59745
59750
59755
59767
59772
59773
59779
59791
59795
59799
59800
59808
59809
59813
59814
59816
59817
59826
59830
59833
59840
59843
59848
59865
59868
59870
59880
59884
59895
59899
59907
59908
59909
59917
59930
59931
59933
59945
59948
59956
59957
59960
59963
59983
59992
59993
60005
60007
60010
60011
60020
60031
60045
60048
60059
60061
60068
60072
60075
60081
60089
60095
60098
60107
60116
60119
60125
60126
60132
60134
60139
60150
60154
60164
60168
60176
60177
60192
60195
60199
60201
60204
60226
60231
60249
60251
60254
60260
60262
60263
60269
60277
60295
60297
60298
60303
60318
60328
60331
60340
60349
60368
60382
60397
60398
60404
60405
60420
60421
60432
60436
60445
60466
60468
60479
60500
60502
60505
60508
60515
60517
60518
60534
60541
60543
60548
60557
60567
60570
60579
60607
60609
60635
60643
60647
60682
60701
60702
60703
60731
60736
60751
60756
60764
60775
60776
60780
60794
60795
60800
60808
60811
60818
60826
60831
60845
60867
60880
60882
60902
60905
60908
60920
60935
60936
60937
60939
60940
60944
60946
60947
60953
60963
60965
60980
60981
60990
60994
60997
61005
61006
61009
61025
61033
61039
61047
61049
61058
61065
61070
61082
61094
61096
61100
61115
61123
61125
61130
61141
61144
61155
61159
61164
61167
61175
61183
61197
61209
61248
61251
61254
61266
61268
61278
61295
61297
61303
61306
61335
61343
61359
61371
61379
61381
61382
61384
61385
61393
61394
61414
61415
61439
61440
61443
61444
61445
61456
61467
61470
61490
61493
61496
61506
61512
61513
61518
61533
61534
61553
61556
61562
61567
61577
61579
61587
61593
61601
61609
61622
61643
61644
61647
61650
61656
61664
61666
61669
61692
61699
61703
61707
61709
61721
61735
61736
61740
61743
61744
61751
61770
61772
61781
61786
61802
61813
61814
61828
61831
61833
61839
61840
61842
61846
61859
61866
61869
61872
61880
61900
61907
61909
61919
61930
61943
61955
61962
61965
61973
61977
61978
61982
61987
61988
61989
62002
62014
62020
62027
62036
62046
62055
62056
62060
62068
62076
62077
62083
62084
62090
62111
62119
62126
62130
62134
62135
62154
62158
62164
62167
62169
62178
62186
62189
62191
62192
62199
62200
62202
62207
62214
62226
62228
62232
62234
62243
62264
62280
62281
62289
62290
62306
62315
62330
62341
62347
62362
62373
62374
62381
62390
62417
62419
62431
62433
62436
62448
62456
62459
62466
62468
62474
62480
62483
62491
62492
62495
62501
62509
62517
62528
62544
62546
62554
62570
62582
62602
62612
62630
62636
62653
62659
62660
62662
62674
62684
62687
62694
62696
62699
62700
62710
62717
62728
62749
62756
62757
62776
62777
62778
62790
62799
62807
62824
62829
62831
62839
62847
62851
62852
62855
62860
62866
62867
62877
62892
62903
62914
62934
62948
62949
62970
62971
62981
62982
62986
62989
63016
63020
63026
63035
63052
63059
63064
63071
63073
63081
63087
63103
63105
63110
63124
63128
63145
63160
63162
63171
63172
63173
63176
63178
63180
63186
63212
63217
63224
63225
63233
63241
63252
63254
63261
63306
63313
63315
63316
63317
63338
63343
63351
63356
63364
63372
63392
63402
63415
63420
63423
63424
63451
63455
63465
63471
63488
63493
63496
63498
63501
63504
63511
63515
63523
63529
63538
63542
63554
63557
63560
63563
63564
63569
63574
63597
63613
63619
63620
63626
63640
63654
63661
63664
63665
63680
63683
63687
63695
63699
63708
63718
63742
63750
63752
63764
63772
63782
63796
63799
63800
63817
63819
63821
63828
63835
63837
63844
63846
63854
63864
63868
63870
63879
63880
63887
63896
63905
63906
63907
63911
63915
63927
63928
63934
63943
63957
63964
63968
63974
63981
63987
63997
64014
64015
64023
64024
64025
64032
64037
64038
64052
64057
64058
64071
64077
64078
64084
64098
64115
64117
64120
64125
64126
64128
64132
64137
64142
64147
64149
64158
64161
64163
64173
64179
64184
64185
64222
64226
64228
64245
64256
64257
64259
64264
64270
64273
64277
64278
64292
64297
64300
64334
64336
64344
64353
64354
64356
64365
64369
64371
64372
64375
64387
64389
64391
64398
64403
64406
64407
64408
64410
64412
64417
64427
64435
64440
64445
64463
64465
64473
64481
64486
64488
64493
64503
64505
64509
64517
64519
64522
64525
64539
64543
64562
64579
64596
64597
64603
64614
64615
64617
64622
64627
64640
64645
64647
64655
64664
64666
64670
64706
64718
64728
64746
64753
64760
64770
64772
64778
64786
64788
64794
64799
64804
64807
64809
64819
64832
64843
64849
64854
64856
64860
64863
64865
64869
64870
64874
64876
64883
64889
64891
64892
64901
64904
64906
64912
64916
64918
64928
64937
64945
64947
64948
64955
64964
64967
64980
64986
64991
64994
65013
65029
65030
65031
65035
65036
65053
65067
65075
65080
65082
65094
65100
65113
65125
65128
65130
65139
65142
65148
65149
65150
65154
65155
65160
65171
65172
65174
65180
65188
65222
65229
65231
65233
65243
65248
65255
65272
65273
65277
65278
65283
65299
65303
65313
65358
65362
65367
65369
65370
65371
65386
65387
65389
65391
65440
65441
65448
65451
65466
65469
65485
65499
65503
65505
65519
65525
65547
65549
65559
65561
65572
65586
65591
65605
65607
65611
65614
65619
65623
65631
65640
65642
65643
65649
65650
65661
65666
65668
65671
65684
65707
65711
65722
65723
65730
65733
65744
65750
65760
65768
65770
65778
65784
65785
65796
65809
65815
65823
65824
65854
65857
65862
65864
65866
65868
65870
65875
65881
65885
65887
65893
65896
65903
65904
65907
65923
65929
65932
65949
65951
65961
65964
65967
65970
65971
65983
65994
65996
65997
66009
66010
66023
66060
66065
66070
66072
66096
66105
66107
66113
66121
66133
66146
66148
66151
66152
66166
66168
66170
66177
66181
66204
66214
66215
66231
66238
66249
66252
66260
66261
66266
66276
66277
66284
66286
66289
66292
66297
66312
66322
66337
66346
66351
66359
66366
66370
66373
66386
66387
66391
66393
66395
66400
66402
66404
66409
66412
66414
66420
66432
66436
66437
66450
66451
66461
66462
66468
66472
66473
66480
66488
66490
66509
66510
66514
66519
66524
66534
66537
66538
66551
66553
66554
66557
66563
66564
66573
66579
66587
66589
66591
66609
66624
66629
66632
66635
66636
66672
66676
66677
66681
66694
66711
66717
66727
66731
66732
66746
66750
66759
66768
66775
66804
66809
66811
66819
66827
66831
66832
66840
66863
66867
66881
66888
66894
66896
66897
66905
66912
66918
66919
66920
66938
66944
66945
66959
66966
66968
66970
66973
66976
66982
66985
66988
66995
66999
67000
67011
67020
67030
67035
67045
67046
67058
67063
67068
67074
67079
67085
67092
67096
67099
67102
67106
67112
67115
67118
67122
67130
67133
67149
67153
67167
67185
67188
67189
67190
67192
67196
67197
67216
67227
67237
67239
67246
67251
67252
67253
67258
67259
67261
67262
67264
67266
67268
67280
67281
67286
67289
67290
67295
67297
67308
67314
67320
67323
67332
67344
67351
67353
67356
67382
67387
67398
67401
67404
67408
67420
67432
67437
67471
67477
67480
67492
67504
67506
67510
67515
67520
67524
67525
67533
67545
67548
67550
67553
67556
67558
67559
67571
67574
67575
67597
67614
67616
67620
67624
67643
67652
67658
67664
67679
67680
67725
67743
67745
67749
67750
67763
67766
67768
67780
67791
67797
67806
67819
67826
67827
67834
67835
67836
67837
67844
67845
67846
67848
67854
67856
67863
67867
67870
67882
67886
67897
67910
67944
67945
67946
67951
67955
67970
67974
67975
67976
67980
67988
67990
67993
67999
68006
68008
68013
68024
68026
68046
68050
68054
68056
68062
68064
68076
68081
68085
68086
68095
68102
68106
68111
68119
68121
68124
68126
68141
68145
68152
68159
68173
68182
68185
68193
68194
68202
68206
68212
68213
68220
68230
68242
68243
68246
68251
68255
68271
68275
68278
68285
68295
68300
68309
68310
68314
68315
68335
68339
68353
68355
68368
68376
68380
68383
68385
68388
68389
68391
68395
68401
68406
68408
68410
68414
68416
68424
68431
68434
68436
68444
68447
68457
68462
68480
68481
68482
68483
68490
68498
68500
68502
68503
68509
68511
68522
68523
68537
68543
68548
68560
68563
68569
68571
68581
68593
68598
68611
68619
68635
68636
68640
68643
68644
68663
68667
68670
68674
68686
68691
68695
68703
68720
68727
68736
68738
68744
68745
68747
68756
68767
68771
68779
68788
68790
68792
68807
68808
68816
68842
68846
68856
68861
68864
68873
68883
68887
68888
68889
68905
68911
68917
68919
68926
68935
68944
68957
68961
68965
68967
68976
68981
68997
69001
69032
69036
69053
69055
69057
69063
69065
69067
69068
69078
69085
69095
69096
69098
69100
69103
69105
69107
69108
69113
69117
69118
69123
69124
69143
69157
69168
69188
69193
69195
69197
69200
69201
69202
69203
69205
69216
69217
69219
69229
69232
69234
69257
69259
69265
69266
69267
69268
69269
69274
69275
69278
69280
69301
69302
69304
69305
69315
69336
69351
69365
69367
69370
69372
69374
69379
69402
69408
69410
69416
69422
69423
69429
69434
69435
69436
69439
69453
69460
69475
69479
69486
69497
69498
69500
69520
69526
69539
69544
69557
69584
69593
69607
69609
69611
69626
69629
69632
69636
69644
69658
69662
69665
69667
69671
69685
69687
69688
69690
69698
69699
69701
69704
69706
69720
69722
69723
69725
69731
69734
69740
69746
69749
69753
69777
69782
69785
69791
69800
69810
69817
69818
69820
69833
69846
69864
69867
69872
69879
69886
69889
69892
69898
69900
69904
69907
69909
69912
69918
69919
69924
69927
69930
69931
69932
69946
69953
69957
69969
69971
69976
69977
69982
69983
69988
69999
70000
70003
70004
70009
70020
70028
70055
70060
70071
70084
70092
70096
70098
70108
70110
70116
70136
70142
70147
70151
70165
70174
70179
70184
70196
70200
70205
70207
70221
70223
70238
70247
70248
70252
70254
70259
70261
70265
70271
70278
70281
70282
70283
70284
70291
70293
70298
70304
70308
70331
70334
70337
70341
70344
70345
70357
70364
70372
70374
70383
70398
70407
70411
70424
70428
70431
70441
70443
70452
70453
70457
70464
70465
70467
70468
70477
70484
70487
70501
70518
70526
70535
70540
70541
70550
70551
70560
70564
70584
70591
70598
70606
70607
70614
70619
70624
70629
70639
70657
70665
70670
70678
70691
70698
70712
70713
70719
70727
70730
70742
70744
70754
70766
70783
70784
70788
70789
70794
70795
70802
70804
70815
70819
70822
70828
70840
70849
70852
70859
70865
70867
70868
70872
70882
70886
70887
70889
70890
70901
70908
70909
70948
70953
70957
70958
70974
70975
70978
70983
70993
71009
71011
71019
71027
71030
71037
71042
71046
71048
71051
71058
71062
71063
71065
71066
71067
71074
71076
71078
71081
71083
71089
71100
71106
71109
71114
71117
71128
71135
71136
71138
71143
71147
71149
71152
71161
71168
71175
71203
71204
71222
71225
71232
71242
71253
71255
71256
71262
71267
71270
71282
71286
71288
71297
71301
71306
71308
71310
71312
71326
71328
71330
71331
71338
71349
71355
71357
71361
71362
71364
71371
71396
71401
71405
71413
71415
71417
71422
71439
71446
71455
71462
71466
71471
71488
71489
71495
71496
71518
71525
71526
71528
71529
71531
71539
71546
71547
71548
71558
71559
71561
71568
71579
71582
71584
71589
71590
71603
71614
71620
71629
71636
71638
71643
71649
71654
71666
71667
71670
71674
71676
71678
71683
71690
71691
71694
71703
71719
71725
71728
71729
71733
71743
71757
71759
71762
71765
71768
71778
71780
71798
71801
71805
71807
71813
71820
71829
71830
71831
71837
71840
71843
71845
71857
71871
71879
71880
71885
71890
71909
71921
71924
71925
71941
71946
71948
71956
71960
71973
71974
71980
71988
71991
72004
72013
72038
72057
72067
72077
72078
72081
72087
72089
72093
72109
72122
72130
72134
72138
72143
72144
72158
72168
72175
72188
72190
72194
72199
72200
72205
72209
72210
72217
72218
72224
72230
72238
72240
72242
72245
72251
72255
72258
72259
72265
72297
72310
72320
72324
72331
72333
72334
72335
72336
72342
72345
72358
72359
72362
72363
72367
72371
72374
72380
72388
72392
72395
72414
72422
72436
72446
72450
72452
72470
72474
72475
72487
72496
72497
72498
72500
72503
72505
72510
72521
72526
72534
72548
72549
72552
72554
72559
72563
72581
72594
72598
72607
72609
72611
72616
72623
72625
72644
72648
72664
72671
72672
72701
72724
72749
72754
72758
72764
72765
72768
72769
72792
72798
72802
72803
72807
72816
72828
72831
72832
72836
72841
72842
72847
72848
72851
72852
72856
72868
72875
72886
72903
72904
72907
72911
72921
72924
72933
72935
72942
72963
72966
72969
72970
72973
72977
72993
72998
73004
73021
73028
73029
73031
73042
73048
73051
73052
73055
73065
73079
73081
73082
73083
73087
73097
73100
73123
73124
73137
73142
73148
73154
73165
73183
73192
73197
73200
73203
73220
73221
73225
73229
73232
73239
73245
73257
73264
73278
73280
73283
73286
73288
73291
73296
73298
73301
73310
73316
73337
73352
73380
73386
73388
73391
73396
73402
73405
73408
73410
73414
73415
73425
73436
73461
73462
73469
73470
73471
73472
73480
73485
73486
73490
73492
73493
73495
73498
73500
73503
73517
73522
73532
73535
73540
73544
73549
73554
73560
73567
73571
73578
73591
73594
73598
73603
73608
73610
73613
73616
73635
73638
73667
73675
73680
73686
73689
73694
73698
73719
73727
73735
73739
73751
73755
73758
73762
73786
73792
73794
73809
73810
73825
73827
73829
73838
73842
73844
73851
73865
73869
73873
73880
73888
73899
73900
73909
73920
73936
73945
73950
73961
73965
73968
73971
73976
73977
73978
73979
74022
74053
74058
74063
74104
74112
74117
74127
74140
74143
74148
74150
74156
74162
74163
74168
74171
74180
74192
74194
74197
74199
74202
74223
74233
74246
74250
74261
74264
74267
74270
74293
74302
74312
74316
74318
74327
74336
74340
74346
74352
74354
74370
74373
74386
74389
74390
74395
74404
74407
74414
74422
74425
74435
74437
74440
74441
74442
74468
74471
74473
74478
74479
74481
74484
74487
74499
74501
74502
74509
74515
74518
74521
74548
74565
74567
74568
74582
74611
74614
74616
74624
74627
74641
74660
74664
74671
74682
74694
74706
74710
74718
74727
74746
74750
74751
74755
74762
74763
74774
74778
74779
74788
74797
74802
74810
74814
74824
74826
74830
74836
74844
74847
74854
74856
74858
74868
74896
74904
74908
74909
74914
74915
74916
74926
74927
74928
74942
74945
74951
74954
74963
74973
74974
74976
74981
74991
74992
74993
74998
75002
75013
75019
75020
75021
75023
75034
75039
75053
75056
75057
75059
75063
75065
75067
75068
75071
75081
75082
75087
75088
75092
75094
75107
75109
75112
75113
75136
75148
75156
75163
75165
75166
75178
75188
75189
75191
75192
75193
75195
75198
75215
75220
75221
75222
75227
75228
75236
75239
75248
75249
75253
75255
75263
75264
75267
75269
75279
75281
75286
75299
75302
75312
75313
75315
75316
75326
75330
75339
75345
75366
75367
75378
75385
75399
75400
75413
75422
75440
75444
75445
75446
75447
75449
75451
75456
75458
75462
75466
75487
75502
75503
75504
75505
75506
75507
75518
75528
75533
75542
75551
75552
75559
75562
75567
75573
75575
75592
75593
75599
75607
75636
75637
75639
75640
75647
75648
75664
75665
75670
75677
75690
75693
75702
75712
75717
75731
75735
75741
75758
75767
75777
75778
75792
75793
75794
75821
75828
75829
75851
75854
75859
75863
75864
75875
75876
75883
75887
75888
75889
75892
75897
75904
75908
75909
75920
75921
75925
75934
75955
75961
75969
75976
75982
75996
76004
76007
76011
76026
76030
76036
76037
76039
76047
76083
76089
76091
76095
76104
76108
76112
76137
76143
76145
76149
76150
76163
76166
76172
76173
76174
76175
76176
76187
76190
76191
76208
76211
76213
76214
76216
76219
76222
76225
76238
76252
76255
76269
76277
76291
76294
76303
76318
76320
76333
76344
76347
76361
76374
76377
76378
76386
76397
76400
76407
76409
76411
76414
76415
76416
76417
76419
76435
76442
76445
76448
76459
76468
76470
76472
76474
76480
76485
76489
76495
76503
76513
76524
76536
76537
76561
76564
76580
76590
76597
76613
76621
76634
76637
76647
76650
76651
76668
76672
76676
76682
76683
76688
76720
76721
76746
76750
76758
76759
76764
76765
76772
76780
76781
76783
76790
76799
76800
76804
76805
76808
76810
76817
76829
76836
76857
76871
76877
76878
76883
76888
76889
76890
76891
76903
76908
76909
76911
76915
76916
76929
76932
76936
76948
76949
76950
76954
76956
76961
76973
76978
76979
76984
76988
76995
76997
77006
77009
77013
77045
77056
77069
77088
77096
77098
77099
77102
77109
77124
77125
77126
77129
77131
77133
77140
77170
77175
77177
77206
77208
77213
77218
77220
77234
77241
77250
77253
77254
77269
77271
77295
77296
77297
77305
77321
77331
77336
77346
77348
77350
77352
77353
77381
77389
77393
77406
77415
77420
77421
77427
77432
77438
77439
77451
77464
77468
77472
77475
77478
77485
77487
77488
77491
77493
77496
77498
77500
77506
77511
77515
77521
77523
77527
77544
77551
77559
77561
77562
77571
77580
77581
77585
77589
77590
77593
77600
77607
77609
77631
77647
77654
77656
77671
77672
77675
77680
77681
77688
77692
77695
77697
77700
77704
77710
77714
77716
77727
77739
77743
77747
77752
77755
77759
77761
77767
77773
77779
77781
77784
77791
77812
77813
77817
77823
77841
77843
77853
77856
77861
77863
77880
77881
77887
77891
77904
77916
77937
77941
77948
77952
77964
77971
77975
77976
77994
77999
78002
78006
78008
78035
78045
78047
78050
78056
78063
78065
78067
78072
78097
78114
78117
78141
78143
78148
78162
78163
78170
78191
78196
78201
78212
78226
78235
78240
78241
78244
78248
78251
78257
78265
78273
78274
78276
78280
78281
78284
78306
78308
78315
78327
78328
78330
78333
78334
78336
78343
78349
78355
78357
78360
78368
78377
78385
78389
78391
78405
78409
78411
78422
78432
78438
78441
78445
78452
78456
78462
78467
78470
78483
78501
78506
78511
78515
78516
78517
78526
78539
78540
78546
78561
78575
78580
78582
78590
78595
78597
78598
78612
78620
78643
78645
78658
78662
78664
78693
78694
78697
78700
78719
78722
78723
78724
78727
78738
78745
78749
78755
78756
78758
78761
78777
78781
78782
78789
78793
78800
78803
78815
78817
78819
78820
78821
78822
78824
78839
78842
78846
78866
78880
78881
78888
78896
78905
78907
78909
78911
78916
78917
78930
78936
78940
78945
78948
78949
78956
78968
78978
78999
79006
79017
79019
79020
79023
79035
79036
79043
79047
79048
79059
79062
79067
79071
79074
79085
79086
79089
79094
79098
79099
79100
79108
79109
79115
79117
79124
79131
79137
79147
79153
79156
79179
79183
79192
79195
79200
79204
79206
79210
79211
79227
79236
79239
79251
79253
79259
79262
79271
79272
79276
79279
79280
79285
79309
79310
79321
79351
79361
79369
79373
79376
79378
79380
79385
79388
79390
79398
79414
79418
79421
79461
79463
79464
79478
79481
79509
79519
79522
79529
79534
79551
79558
79566
79573
79576
79584
79607
79608
79610
79619
79621
79625
79629
79633
79635
79637
79645
79654
79668
79672
79674
79679
79685
79714
79728
79732
79743
79748
79753
79762
79763
79770
79773
79777
79779
79780
79783
79784
79785
79790
79797
79800
79814
79841
79853
79854
79860
79867
79874
79875
79886
79895
79901
79904
79906
79907
79911
79919
79937
79942
79945
79952
79959
79963
79969
79970
79976
79978
79984
79987
79997
79999
80017
80028
80049
80056
80082
80083
80098
80103
80106
80107
80116
80118
80127
80134
80135
80137
80141
80148
80158
80166
80176
80200
80213
80219
80220
80225
80235
80237
80242
80245
80251
80252
80253
80260
80263
80270
80273
80282
80289
80298
80307
80318
80319
80327
80328
80330
80333
80337
80341
80360
80361
80362
80365
80366
80368
80372
80381
80386
80388
80408
80412
80413
80439
80440
80453
80454
80455
80460
80464
80465
80472
80473
80486
80512
80518
80546
80565
80576
80579
80585
80596
80604
80607
80608
80611
80620
80622
80627
80629
80634
80640
80662
80674
80677
80681
80684
80692
80713
80726
80728
80733
80792
80794
80796
80816
80821
80823
80830
80833
80834
80844
80850
80857
80872
80874
80877
80881
80885
80889
80890
80898
80912
80920
80923
80932
80939
80944
80968
80969
80980
80986
80987
80996
81012
81018
81027
81030
81031
81032
81035
81036
81045
81048
81056
81059
81069
81076
81093
81094
81095
81105
81124
81132
81141
81145
81163
81164
81166
81171
81181
81184
81197
81198
81206
81207
81222
81223
81225
81232
81238
81240
81245
81248
81250
81259
81266
81275
81284
81296
81302
81324
81327
81344
81349
81355
81360
81367
81380
81386
81400
81406
81410
81431
81437
81443
81465
81467
81471
81487
81489
81502
81515
81521
81525
81533
81535
81537
81538
81569
81574
81577
81582
81584
81588
81600
81604
81610
81621
81623
81629
81635
81639
81640
81641
81642
81643
81647
81658
81673
81677
81680
81684
81690
81704
81719
81722
81749
81761
81765
81766
81768
81770
81794
81797
81808
81809
81811
81825
81826
81827
81837
81840
81845
81854
81864
81868
81881
81885
81891
81892
81899
81918
81928
81944
81949
81957
81962
81975
81980
81981
81987
81991
81998
82000
82001
82004
82010
82023
82024
82026
82027
82031
82048
82050
82051
82055
82056
82060
82062
82067
82068
82071
82078
82080
82085
82089
82092
82117
82121
82126
82144
82147
82156
82157
82160
82165
82179
82180
82184
82191
82203
82205
82214
82216
82217
82225
82243
82249
82253
82258
82263
82268
82278
82294
82297
82315
82322
82324
82337
82357
82364
82366
82368
82372
82404
82405
82406
82411
82419
82429
82433
82442
82452
82460
82461
82464
82482
82495
82504
82511
82513
82525
82540
82547
82550
82553
82568
82572
82577
82588
82596
82601
82633
82637
82642
82647
82650
82661
82685
82703
82718
82721
82723
82730
82740
82746
82755
82763
82765
82769
82779
82784
82786
82787
82791
82796
82798
82799
82800
82803
82804
82808
82829
82843
82861
82866
82870
82873
82874
82887
82888
82899
82902
82904
82917
82922
82925
82929
82931
82933
82936
82937
82938
82945
82948
82956
82964
82973
82975
82982
82986
82987
82991
83022
83027
83035
83041
83054
83060
83072
83093
83095
83105
83119
83122
83129
83141
83147
83154
83161
83165
83170
83171
83174
83182
83184
83194
83195
83206
83207
83209
83212
83225
83234
83235
83240
83241
83242
83247
83253
83255
83261
83268
83270
83277
83280
83281
83283
83289
83293
83298
83308
83325
83328
83329
83330
83331
83342
83343
83354
83378
83382
83387
83400
83406
83409
83412
83422
83426
83428
83431
83458
83464
83467
83473
83496
83498
83499
83503
83504
83522
83536
83539
83552
83553
83557
83563
83564
83569
83577
83583
83606
83644
83647
83650
83659
83665
83668
83673
83681
83682
83693
83694
83697
83703
83706
83708
83716
83717
83726
83728
83735
83736
83742
83754
83768
83770
83777
83784
83786
83800
83804
83807
83809
83815
83820
83829
83843
83851
83861
83865
83871
83881
83890
83892
83893
83900
83908
83909
83916
83931
83935
83939
83947
83948
83949
83972
83976
83986
83992
84013
84020
84027
84039
84047
84050
84056
84064
84086
84090
84094
84097
84104
84112
84118
84122
84126
84134
84146
84148
84157
84166
84172
84179
84195
84207
84210
84211
84213
84218
84230
84240
84241
84247
84256
84259
84260
84262
84266
84278
84299
84317
84324
84333
84334
84342
84343
84345
84346
84348
84351
84382
84384
84392
84397
84398
84401
84406
84410
84411
84430
84449
84461
84474
84477
84478
84482
84492
84496
84498
84501
84507
84519
84526
84527
84529
84542
84544
84546
84548
84555
84557
84563
84589
84596
84606
84607
84627
84636
84646
84648
84678
84684
84685
84694
84696
84703
84707
84721
84724
84725
84726
84740
84742
84762
84775
84787
84788
84797
84800
84801
84810
84812
84817
84818
84828
84838
84842
84859
84864
84870
84874
84876
84878
84883
84884
84886
84899
84902
84903
84918
84920
84927
84941
84942
84953
84956
84968
84986
84992
84998
84999
85019
85030
85031
85039
85040
85048
85056
85064
85069
85091
85092
85093
85101
85107
85127
85131
85134
85135
85143
85149
85151
85156
85158
85172
85176
85179
85183
85205
85211
85215
85227
85230
85243
85254
85255
85258
85261
85270
85278
85283
85300
85309
85310
85315
85316
85317
85321
85322
85325
85327
85329
85339
85342
85344
85347
85362
85374
85393
85400
85406
85411
85426
85431
85433
85437
85439
85440
85450
85453
85459
85478
85481
85486
85490
85497
85498
85505
85520
85523
85524
85529
85530
85532
85548
85553
85574
85595
85597
85599
85602
85645
85647
85648
85649
85675
85678
85680
85681
85690
85705
85710
85722
85733
85746
85749
85756
85762
85770
85774
85781
85791
85798
85800
85804
85805
85814
85817
85826
85859
85869
85878
85887
85906
85923
85925
85931
85933
85944
85953
85968
85974
85976
85978
85980
85982
85992
85994
86028
86030
86035
86039
86054
86055
86056
86067
86069
86077
86078
86088
86106
86115
86119
86125
86137
86142
86145
86146
86151
86163
86165
86168
86174
86176
86179
86182
86190
86196
86197
86221
86222
86228
86233
86237
86238
86247
86252
86257
86260
86262
86266
86269
86274
86289
86302
86310
86311
86322
86324
86326
86328
86329
86331
86335
86342
86354
86371
86386
86397
86407
86459
86468
86477
86500
86505
86506
86516
86525
86531
86537
86538
86546
86552
86557
86562
86563
86576
86585
86591
86594
86601
86605
86607
86612
86614
86616
86625
86638
86640
86650
86653
86655
86661
86664
86667
86679
86683
86694
86697
86709
86714
86718
86719
86726
86728
86741
86746
86747
86750
86751
86753
86760
86762
86766
86773
86776
86778
86810
86816
86824
86831
86856
86864
86867
86878
86880
86883
86885
86905
86907
86909
86919
86923
86935
86940
86941
86943
86960
86974
86990
86995
87000
87022
87040
87044
87050
87058
87059
87073
87079
87084
87103
87107
87108
87110
87114
87133
87137
87138
87145
87148
87152
87156
87157
87173
87176
87190
87193
87201
87202
87204
87208
87211
87215
87229
87231
87232
87234
87238
87245
87248
87253
87255
87258
87262
87263
87270
87271
87274
87281
87290
87292
87293
87295
87296
87297
87299
87307
87312
87314
87331
87338
87340
87343
87348
87351
87356
87359
87368
87379
87383
87387
87402
87415
87418
87423
87433
87434
87435
87436
87447
87459
87519
87522
87526
87541
87544
87546
87556
87581
87586
87595
87603
87614
87619
87624
87639
87653
87658
87662
87679
87680
87682
87709
87721
87738
87743
87744
87747
87749
87754
87761
87762
87767
87782
87785
87793
87802
87816
87820
87825
87832
87839
87840
87857
87865
87868
87880
87882
87892
87899
87919
87938
87944
87949
87950
87951
87953
87954
87959
87960
87962
87980
87981
87988
87989
87993
87997
87999
88007
88010
88016
88029
88033
88040
88041
88048
88063
88065
88091
88096
88098
88107
88115
88117
88121
88125
88129
88137
88161
88163
88167
88176
88189
88191
88193
88195
88201
88208
88215
88217
88239
88240
88241
88250
88260
88266
88272
88277
88282
88288
88297
88298
88310
88313
88321
88335
88337
88346
88363
88364
88367
88369
88372
88373
88390
88392
88396
88397
88399
88408
88410
88449
88451
88460
88464
88474
88489
88494
88501
88502
88507
88513
88516
88524
88528
88530
88532
88543
88568
88576
88584
88593
88595
88596
88604
88610
88611
88618
88623
88637
88644
88645
88653
88656
88661
88664
88671
88675
88681
88685
88689
88706
88709
88729
88741
88743
88750
88754
88756
88765
88767
88770
88777
88786
88796
88807
88811
88814
88816
88823
88825
88830
88834
88835
88844
88851
88862
88864
88877
88899
88903
88904
88909
88922
88924
88927
88949
88963
88984
88988
88992
88994
89014
89023
89037
89040
89046
89054
89063
89064
89066
89067
89068
89090
89100
89106
89110
89116
89118
89121
89128
89132
89138
89139
89142
89149
89150
89157
89158
89176
89177
89180
89181
89196
89200
89201
89207
89208
89212
89219
89229
89230
89235
89238
89240
89244
89248
89256
89260
89262
89264
89265
89295
89301
89304
89306
89343
89347
89349
89354
89357
89361
89367
89373
89380
89401
89408
89411
89413
89418
89420
89428
89429
89450
89453
89454
89455
89458
89461
89465
89474
89493
89499
89514
89517
89526
89539
89553
89554
89555
89556
89558
89559
89564
89566
89567
89574
89603
89604
89607
89610
89635
89650
89657
89662
89665
89668
89681
89685
89705
89708
89709
89722
89731
89735
89736
89739
89743
89747
89751
89759
89765
89768
89781
89783
89790
89796
89798
89805
89808
89813
89828
89843
89860
89876
89900
89901
89905
89935
89963
89969
89970
89980
89982
89999
90000
90002
90024
90042
90044
90050
90061
90070
90071
90072
90074
90083
90090
90097
90103
90112
90127
90129
90136
90142
90145
90152
90153
90162
90172
90174
90179
90184
90186
90193
90194
90196
90199
90201
90206
90208
90210
90216
90237
90248
90254
90255
90256
90261
90265
90266
90269
90272
90281
90286
90287
90299
90300
90306
90310
90318
90320
90323
90336
90337
90346
90348
90350
90355
90357
90360
90366
90377
90380
90391
90403
90426
90433
90434
90440
90456
90459
90460
90472
90480
90481
90487
90492
90493
90497
90507
90511
90512
90517
90519
90525
90529
90532
90533
90534
90542
90551
90553
90555
90556
90576
90580
90585
90595
90598
90602
90620
90634
90635
90637
90641
90662
90663
90671
90677
90683
90704
90705
90706
90714
90724
90726
90730
90744
90745
90746
90749
90750
90752
90758
90761
90762
90773
90789
90799
90800
90809
90812
90813
90817
90830
90832
90837
90841
90842
90843
90846
90851
90854
90862
90869
90871
90877
90879
90884
90890
90902
90903
90904
90910
90912
90918
90919
90920
90929
90933
90935
90938
90952
90985
90986
91008
91013
91014
91017
91022
91033
91035
91044
91047
91050
91055
91060
91076
91095
91111
91112
91136
91146
91157
91158
91159
91160
91161
91164
91171
91172
91173
91201
91217
91232
91233
91251
91254
91256
91257
91265
91268
91274
91286
91291
91315
91316
91326
91327
91342
91343
91344
91347
91355
91360
91361
91363
91370
91379
91388
91392
91395
91402
91404
91419
91434
91442
91450
91455
91478
91497
91505
91513
91515
91522
91527
91532
91559
91568
91571
91576
91578
91579
91586
91587
91595
91599
91603
91608
91611
91612
91615
91633
91639
91641
91648
91652
91657
91658
91669
91674
91691
91705
91706
91711
91713
91724
91746
91750
91752
91759
91760
91765
91778
91803
91807
91815
91820
91831
91833
91841
91846
91850
91870
91872
91873
91877
91894
91895
91898
91901
91908
91916
91919
91928
91933
91939
91942
91943
91954
91956
91960
91963
91964
91965
91969
91970
91971
91972
91983
91987
91990
91995
92007
92027
92030
92040
92065
92078
92082
92085
92086
92094
92120
92126
92139
92141
92152
92157
92166
92170
92172
92194
92206
92213
92216
92217
92218
92222
92224
92228
92230
92238
92246
92249
92253
92255
92267
92277
92279
92282
92284
92294
92303
92305
92311
92314
92325
92330
92337
92349
92358
92360
92373
92380
92389
92397
92400
92403
92404
92416
92430
92439
92449
92460
92464
92495
92499
92500
92501
92505
92513
92527
92529
92536
92538
92541
92544
92550
92555
92565
92569
92572
92583
92595
92604
92609
92622
92623
92625
92627
92640
92646
92654
92656
92665
92668
92676
92688
92695
92704
92706
92708
92718
92723
92733
92735
92738
92748
92755
92767
92769
92774
92775
92784
92792
92806
92807
92811
92816
92828
92829
92838
92851
92857
92858
92859
92865
92871
92873
92892
92893
92898
92901
92913
92915
92926
92928
92930
92938
92941
92955
92956
92957
92971
92981
92984
92994
92997
92999
93013
93024
93032
93036
93065
93072
93073
93080
93086
93088
93089
93104
93107
93110
93115
93119
93120
93131
93136
93148
93151
93154
93167
93170
93171
93172
93174
93178
93179
93195
93197
93207
93212
93221
93222
93237
93240
93248
93273
93287
93302
93314
93316
93318
93321
93326
93336
93354
93357
93366
93368
93369
93374
93385
93397
93404
93405
93414
93420
93427
93449
93455
93457
93468
93474
93475
93482
93489
93493
93494
93495
93504
93517
93519
93520
93528
93544
93580
93581
93596
93600
93604
93607
93609
93621
93623
93675
93679
93680
93688
93699
93703
93731
93732
93736
93739
93745
93762
93763
93765
93770
93778
93782
93805
93815
93828
93837
93839
93840
93845
93855
93866
93870
93871
93887
93892
93896
93899
93906
93920
93925
93934
93938
93948
93972
93975
93979
93985
93990
93994
94010
94016
94021
94025
94031
94034
94049
94050
94053
94077
94079
94081
94086
94094
94103
94104
94120
94121
94133
94137
94139
94148
94153
94155
94159
94164
94177
94178
94186
94189
94197
94203
94211
94212
94227
94237
94254
94259
94271
94272
94273
94274
94280
94285
94294
94308
94313
94315
94319
94320
94322
94331
94332
94334
94343
94345
94351
94353
94363
94386
94390
94398
94405
94407
94418
94425
94427
94441
94442
94453
94459
94463
94470
94481
94498
94500
94506
94525
94533
94544
94555
94575
94580
94593
94598
94600
94603
94608
94612
94621
94622
94643
94644
94645
94648
94651
94661
94672
94679
94686
94698
94700
94703
94712
94716
94720
94724
94730
94738
94746
94752
94770
94782
94794
94803
94821
94822
94834
94836
94838
94840
94842
94862
94869
94875
94878
94889
94894
94895
94900
94902
94903
94915
94917
94919
94958
94960
94962
94970
94977
94981
94995
95024
95026
95033
95037
95043
95047
95053
95058
95060
95073
95077
95080
95081
95084
95089
95094
95095
95096
95097
95099
95104
95121
95122
95127
95128
95141
95142
95144
95151
95156
95170
95172
95174
95183
95184
95186
95199
95200
95201
95207
95215
95229
95240
95244
95251
95253
95254
95259
95282
95296
95298
95304
95309
95317
95319
95324
95327
95342
95346
95350
95354
95355
95357
95360
95367
95372
95388
95395
95400
95412
95417
95437
95452
95460
95466
95470
95474
95477
95479
95489
95516
95520
95539
95547
95549
95570
95579
95586
95590
95591
95595
95619
95620
95624
95638
95641
95643
95650
95652
95667
95673
95678
95684
95702
95707
95720
95725
95726
95727
95728
95731
95734
95748
95758
95770
95771
95778
95781
95784
95792
95796
95800
95803
95809
95813
95814
95820
95832
95841
95847
95848
95849
95857
95862
95877
95886
95895
95900
95906
95914
95922
95936
95947
95952
95956
95959
95960
95964
95965
95969
95973
95975
95989
95993
95994
95996
95997
96002
96014
96035
96048
96049
96071
96073
96085
96104
96117
96122
96125
96126
96135
96139
96143
96146
96148
96150
96169
96181
96184
96187
96189
96192
96196
96202
96204
96227
96235
96237
96241
96248
96252
96258
96261
96262
96269
96275
96276
96278
96313
96323
96328
96334
96342
96345
96350
96366
96370
96376
96379
96393
96419
96426
96430
96442
96457
96460
96464
96465
96469
96471
96481
96482
96485
96486
96490
96495
96509
96514
96534
96543
96545
96546
96563
96570
96574
96581
96583
96589
96604
96617
96626
96639
96645
96664
96687
96688
96707
96709
96730
96737
96744
96752
96762
96773
96783
96786
96793
96800
96805
96807
96808
96811
96814
96819
96820
96829
96832
96840
96841
96845
96847
96850
96852
96856
96858
96872
96877
96885
96897
96900
96904
96914
96924
96930
96939
96961
96962
96969
96973
96987
96991
96993
96994
97012
97018
97024
97034
97041
97046
97048
97052
97067
97072
97073
97075
97087
97091
97100
97102
97109
97110
97113
97120
97123
97125
97127
97139
97158
97160
97188
97190
97191
97207
97214
97239
97273
97282
97287
97321
97326
97327
97331
97345
97349
97356
97367
97369
97370
97375
97378
97386
97389
97393
97404
97410
97412
97416
97434
97439
97444
97453
97466
97473
97487
97488
97499
97512
97515
97519
97521
97529
97532
97534
97541
97542
97546
97549
97557
97563
97565
97568
97573
97577
97582
97583
97588
97595
97597
97611
97618
97619
97622
97626
97645
97648
97649
97652
97658
97666
97680
97683
97691
97692
97694
97705
97706
97709
97710
97712
97714
97738
97741
97742
97756
97768
97770
97774
97777
97781
97787
97790
97791
97792
97799
97809
97818
97826
97827
97829
97836
97856
97860
97866
97867
97877
97879
97883
97889
97895
97899
97906
97911
97914
97916
97921
97923
97925
97928
97936
97939
97948
97955
97969
97976
97979
97987
97988
97991
97992
97993
97996
98010
98017
98030
98041
98051
98053
98068
98072
98073
98074
98084
98085
98093
98098
98117
98133
98139
98141
98152
98162
98165
98169
98175
98185
98195
98200
98210
98215
98221
98230
98232
98235
98260
98274
98281
98283
98301
98329
98335
98340
98341
98342
98354
98356
98357
98373
98381
98388
98389
98390
98392
98394
98402
98419
98420
98426
98432
98433
98437
98451
98454
98463
98479
98481
98489
98506
98509
98510
98511
98529
98535
98542
98547
98553
98558
98573
98575
98578
98579
98582
98585
98594
98609
98613
98618
98623
98637
98652
98658
98659
98664
98665
98672
98675
98678
98679
98688
98708
98711
98717
98720
98732
98749
98755
98778
98797
98798
98799
98804
98807
98816
98826
98828
98829
98831
98833
98843
98848
98854
98856
98862
98864
98868
98871
98875
98876
98877
98878
98887
98889
98893
98898
98901
98907
98910
98918
98920
98926
98939
98947
98949
98962
98963
98967
98974
98975
98977
98979
98981
98990
99003
99007
99013
99014
99023
99028
99032
99035
99037
99050
99061
99063
99068
99069
99079
99081
99092
99094
99095
99098
99107
99115
99116
99124
99126
99129
99130
99134
99149
99156
99176
99187
99188
99190
99192
99200
99211
99214
99218
99223
99229
99230
99232
99237
99238
99240
99243
99247
99256
99257
99263
99268
99270
99275
99285
99286
99297
99300
99306
99307
99308
99319
99321
99325
99329
99336
99374
99378
99379
99380
99388
99408
99412
99420
99422
99425
99426
99445
99446
99448
99452
99468
99470
99472
99499
99504
99520
99526
99539
99540
99544
99557
99560
99561
99575
99576
99584
99592
99599
99600
99606
99615
99617
99618
99632
99634
99636
99653
99655
99662
99666
99677
99700
99702
99710
99714
99720
99722
99728
99732
99733
99736
99744
99746
99748
99754
99758
99766
99779
99781
99799
99804
99815
99816
99821
99827
99828
99835
99850
99858
99869
99873
99879
99889
99894
99896
99903
99908
99927
99930
99931
99935
99941
99945
99954
99957
99961
99982
99983
99984
99989
99993
99998
